"feature_ID","temperature","feature_frequency","isogloss_density","value_ID_up","value_ID_down","resampled","sample_size","neighbourhood_size","rep"
"69A",0.209668000332823,0.882404951370469,0.148720261585297,"1:2:3:4","5",TRUE,722,26,1
"69A",0.102211779665878,0.853227232537577,0.161862274079158,"1:2:3:4","5",TRUE,708,26,2
"69A",0.0529020311908797,0.848806366047745,0.150474882709692,"1:2:3:4","5",TRUE,722,26,3
"69A",0.185151294446617,0.882404951370469,0.146112447039963,"1:2:3:4","5",TRUE,717,26,4
"69A",0.123455132783221,0.861184792219275,0.158825529985262,"1:2:3:4","5",TRUE,719,26,5
"69A",0.128976637701815,0.872679045092838,0.148584081109428,"1:2:3:4","5",TRUE,700,26,6
"69A",0.153291668691168,0.865605658709107,0.15948670944088,"1:2:3:4","5",TRUE,715,26,7
"69A",0.125172737706245,0.865605658709107,0.154875717017208,"1:2:3:4","5",TRUE,726,26,8
"69A",0.171207723388593,0.86737400530504,0.16022792022792,"1:2:3:4","5",TRUE,714,26,9
"69A",0.144382963504248,0.870910698496905,0.152785755313038,"1:2:3:4","5",TRUE,715,26,10
"69A",0.165394800357875,0.871794871794872,0.154904171364149,"1:2:3:4","5",TRUE,729,26,11
"69A",0.115479860511974,0.847922192749779,0.169698392207487,"1:2:3:4","5",TRUE,698,26,12
"69A",0.070873690628202,0.847038019451813,0.158617479343652,"1:2:3:4","5",TRUE,711,26,13
"69A",0.118715506767101,0.857648099027409,0.161290322580645,"1:2:3:4","5",TRUE,712,26,14
"69A",0.119263527577496,0.86737400530504,0.152062734401637,"1:2:3:4","5",TRUE,716,26,15
"69A",0.109019390677682,0.864721485411141,0.152650096470321,"1:2:3:4","5",TRUE,723,26,16
"69A",0.094732205794705,0.847038019451813,0.165575620767494,"1:2:3:4","5",TRUE,718,26,17
"69A",0.114684823514433,0.866489832007073,0.152066305974445,"1:2:3:4","5",TRUE,707,26,18
"69A",0.126914239300108,0.870910698496905,0.149982720884691,"1:2:3:4","5",TRUE,715,26,19
"69A",0.255000278097215,0.870910698496905,0.165493364108482,"1:2:3:4","5",TRUE,711,26,20
"69A",0.172394597729832,0.872679045092838,0.154913294797688,"1:2:3:4","5",TRUE,714,26,21
"69A",0.0777121722778646,0.857648099027409,0.151515151515152,"1:2:3:4","5",TRUE,725,26,22
"69A",0.102211779665878,0.86737400530504,0.148667279411765,"1:2:3:4","5",TRUE,710,26,23
"69A",0.176004816375847,0.876215738284704,0.15164080085298,"1:2:3:4","5",TRUE,699,26,24
"69A",0.129273989327614,0.868258178603006,0.153016241299304,"1:2:3:4","5",TRUE,701,26,25
"69A",0.19254331858883,0.877984084880637,0.151689929634329,"1:2:3:4","5",TRUE,710,26,26
"69A",0.106292506971441,0.863837312113174,0.152874362540566,"1:2:3:4","5",TRUE,712,26,27
"69A",0.0761181367329465,0.849690539345712,0.158021574477852,"1:2:3:4","5",TRUE,719,26,28
"69A",0.0886124510543722,0.857648099027409,0.154494057920849,"1:2:3:4","5",TRUE,706,26,29
"69A",0.278961682963637,0.884173297966401,0.152565409446143,"1:2:3:4","5",TRUE,715,26,30
"69A",0.162375705900251,0.869142351900973,0.157222844344905,"1:2:3:4","5",TRUE,725,26,31
"69A",0.123455132783221,0.862953138815208,0.157130084935181,"1:2:3:4","5",TRUE,726,26,32
"69A",0.140771536691173,0.874447391688771,0.148679160081282,"1:2:3:4","5",TRUE,713,26,33
"69A",0.133509617372876,0.865605658709107,0.156316916488223,"1:2:3:4","5",TRUE,726,26,34
"69A",0.142401758223769,0.865605658709107,0.157789300023568,"1:2:3:4","5",TRUE,702,26,35
"69A",0.0710370877170873,0.85499557913351,0.151867313550716,"1:2:3:4","5",TRUE,724,26,36
"69A",0.220056526451474,0.886825817860301,0.14479484571041,"1:2:3:4","5",TRUE,724,26,37
"69A",0.16577611292472,0.87709991158267,0.149463347796301,"1:2:3:4","5",TRUE,717,26,38
"69A",0.104592838718357,0.857648099027409,0.158311644223153,"1:2:3:4","5",TRUE,718,26,39
"69A",0.099655173590351,0.857648099027409,0.157191392978482,"1:2:3:4","5",TRUE,722,26,40
"69A",0.123455132783221,0.861184792219275,0.158830146231721,"1:2:3:4","5",TRUE,728,26,41
"69A",0.204423609859958,0.87709991158267,0.153935051427251,"1:2:3:4","5",TRUE,717,26,42
"69A",0.155424382972597,0.859416445623342,0.165945822900068,"1:2:3:4","5",TRUE,725,26,43
"69A",0.154354342411104,0.881520778072502,0.143332963250805,"1:2:3:4","5",TRUE,735,26,44
"69A",0.148770646991072,0.876215738284704,0.148034885037943,"1:2:3:4","5",TRUE,718,26,45
"69A",0.203484274971792,0.869142351900973,0.162314505924307,"1:2:3:4","5",TRUE,719,26,46
"69A",0.157224293535257,0.871794871794872,0.153766053453662,"1:2:3:4","5",TRUE,711,26,47
"69A",0.109522651763406,0.857648099027409,0.159428506633405,"1:2:3:4","5",TRUE,715,26,48
"69A",0.0622987665175942,0.848806366047745,0.154145225843339,"1:2:3:4","5",TRUE,721,26,49
"69A",0.0938636092512845,0.85499557913351,0.158254822790489,"1:2:3:4","5",TRUE,735,26,50
"69A",0.149457409931712,0.865605658709107,0.158930254476909,"1:2:3:4","5",TRUE,701,26,51
"69A",0.0921502355427405,0.862068965517241,0.151350150016669,"1:2:3:4","5",TRUE,738,26,52
"69A",0.124310968761263,0.860300618921309,0.159828674481515,"1:2:3:4","5",TRUE,721,26,53
"69A",0.150840461262156,0.869142351900973,0.155539939095807,"1:2:3:4","5",TRUE,706,26,54
"69A",0.235796445317696,0.885941644562334,0.14716895495291,"1:2:3:4","5",TRUE,727,26,55
"69A",0.154354342411104,0.878868258178603,0.146071265417999,"1:2:3:4","5",TRUE,718,26,56
"69A",0.0932173923114068,0.866489832007073,0.147491300931642,"1:2:3:4","5",TRUE,736,26,57
"69A",0.144050858730821,0.868258178603006,0.155433287482806,"1:2:3:4","5",TRUE,715,26,58
"69A",0.137566868514296,0.864721485411141,0.157888710785436,"1:2:3:4","5",TRUE,714,26,59
"69A",0.16051682174439,0.866489832007073,0.159627114742778,"1:2:3:4","5",TRUE,707,26,60
"69A",0.0949506079480757,0.870910698496905,0.143731580140558,"1:2:3:4","5",TRUE,725,26,61
"69A",0.0867948285048706,0.852343059239611,0.158799266727773,"1:2:3:4","5",TRUE,712,26,62
"69A",0.183031674360743,0.868258178603006,0.160817717206133,"1:2:3:4","5",TRUE,723,26,63
"69A",0.152236311094752,0.869142351900973,0.155759312320917,"1:2:3:4","5",TRUE,715,26,64
"69A",0.0886124510543722,0.863837312113174,0.148832909637162,"1:2:3:4","5",TRUE,716,26,65
"69A",0.0882052732002179,0.857648099027409,0.154404981549815,"1:2:3:4","5",TRUE,711,26,66
"69A",0.185151294446617,0.873563218390805,0.155548030251721,"1:2:3:4","5",TRUE,725,26,67
"69A",0.100115207081158,0.859416445623342,0.155655482531996,"1:2:3:4","5",TRUE,723,26,68
"69A",0.098741438513791,0.868258178603006,0.14707249070632,"1:2:3:4","5",TRUE,713,26,69
"69A",0.101508088597507,0.86737400530504,0.148537219021801,"1:2:3:4","5",TRUE,718,26,70
"69A",0.136934743100115,0.868258178603006,0.154274670304684,"1:2:3:4","5",TRUE,710,26,71
"69A",0.0513417948581734,0.843501326259947,0.154091016269748,"1:2:3:4","5",TRUE,693,26,72
"69A",0.124884819639692,0.862068965517241,0.158246828143022,"1:2:3:4","5",TRUE,719,26,73
"69A",0.215046933148673,0.871794871794872,0.160735925966729,"1:2:3:4","5",TRUE,736,26,74
"69A",0.145383878832736,0.862953138815208,0.160910518053375,"1:2:3:4","5",TRUE,729,26,75
"69A",0.112074020130978,0.864721485411141,0.153265469518472,"1:2:3:4","5",TRUE,712,26,76
"69A",0.094732205794705,0.862953138815208,0.151150688099919,"1:2:3:4","5",TRUE,710,26,77
"69A",0.122041813044174,0.858532272325376,0.16112502846732,"1:2:3:4","5",TRUE,719,26,78
"69A",0.25795333916299,0.883289124668435,0.151972287406414,"1:2:3:4","5",TRUE,724,26,79
"69A",0.144382963504248,0.863837312113174,0.159881061299177,"1:2:3:4","5",TRUE,728,26,80
"69A",0.157950080646842,0.876215738284704,0.149324861000794,"1:2:3:4","5",TRUE,729,26,81
"69A",0.0985143168211089,0.863837312113174,0.151187904967603,"1:2:3:4","5",TRUE,728,26,82
"69A",0.10702936537183,0.859416445623342,0.157194538452562,"1:2:3:4","5",TRUE,702,26,83
"69A",0.100346019576532,0.861184792219275,0.154081752856638,"1:2:3:4","5",TRUE,701,26,84
"69A",0.0973865206298683,0.859416445623342,0.155056435982214,"1:2:3:4","5",TRUE,718,26,85
"69A",0.0927890545629348,0.860300618921309,0.153113382899628,"1:2:3:4","5",TRUE,708,26,86
"69A",0.0844291951561699,0.842617152961981,0.1666088163832,"1:2:3:4","5",TRUE,712,26,87
"69A",0.125750566728124,0.85499557913351,0.165194447631066,"1:2:3:4","5",TRUE,719,26,88
"69A",0.0731958483434347,0.844385499557913,0.161656804733728,"1:2:3:4","5",TRUE,699,26,89
"69A",0.17398990556944,0.865605658709107,0.162386452842884,"1:2:3:4","5",TRUE,729,26,90
"69A",0.121481025897885,0.856763925729443,0.162667891172081,"1:2:3:4","5",TRUE,715,26,91
"69A",0.196575483680362,0.877984084880637,0.152125775022144,"1:2:3:4","5",TRUE,736,26,92
"69A",0.298914893747416,0.87709991158267,0.162088535754824,"1:2:3:4","5",TRUE,716,26,93
"69A",0.0873965218915109,0.857648099027409,0.1541695865452,"1:2:3:4","5",TRUE,704,26,94
"69A",0.162375705900251,0.874447391688771,0.151762139823212,"1:2:3:4","5",TRUE,705,26,95
"69A",0.117898193517472,0.871794871794872,0.147507751013594,"1:2:3:4","5",TRUE,693,26,96
"69A",0.125461319558942,0.870910698496905,0.149746777163904,"1:2:3:4","5",TRUE,712,26,97
"69A",0.074900971156791,0.855879752431477,0.152292060491493,"1:2:3:4","5",TRUE,704,26,98
"69A",0.129572026488336,0.858532272325376,0.162492719860221,"1:2:3:4","5",TRUE,707,26,99
"69A",0.118989201674751,0.864721485411141,0.154597701149425,"1:2:3:4","5",TRUE,716,26,100
"69A",0.11002823602961,0.870026525198939,0.147763946519133,"1:2:3:4","5",TRUE,705,26,101
"69A",0.0716944518365569,0.855879752431477,0.151271606297479,"1:2:3:4","5",TRUE,739,26,102
"69A",0.156141861241706,0.881520778072502,0.143547118948669,"1:2:3:4","5",TRUE,730,26,103
"69A",0.127206836130553,0.862953138815208,0.157821713492889,"1:2:3:4","5",TRUE,700,26,104
"69A",0.0856038405352472,0.861184792219275,0.150498224716527,"1:2:3:4","5",TRUE,710,26,105
"69A",0.12260518892579,0.862068965517241,0.157827102803738,"1:2:3:4","5",TRUE,706,26,106
"69A",0.121761096623856,0.864721485411141,0.155089956729674,"1:2:3:4","5",TRUE,724,26,107
"69A",0.116012944760742,0.868258178603006,0.150604531048245,"1:2:3:4","5",TRUE,707,26,108
"69A",0.197938216582121,0.874447391688771,0.156066705002875,"1:2:3:4","5",TRUE,711,26,109
"69A",0.16577611292472,0.872679045092838,0.154047890535918,"1:2:3:4","5",TRUE,716,26,110
"69A",0.151188219252997,0.876215738284704,0.148390739695088,"1:2:3:4","5",TRUE,723,26,111
"69A",0.104592838718357,0.863837312113174,0.152534666969766,"1:2:3:4","5",TRUE,727,26,112
"69A",0.101508088597507,0.86737400530504,0.148515968852274,"1:2:3:4","5",TRUE,715,26,113
"69A",0.20679096180054,0.868258178603006,0.163601916861696,"1:2:3:4","5",TRUE,733,26,114
"69A",0.0976110422235168,0.866489832007073,0.148490521881582,"1:2:3:4","5",TRUE,705,26,115
"69A",0.131072550760276,0.871794871794872,0.149800342270394,"1:2:3:4","5",TRUE,715,26,116
"69A",0.11002823602961,0.861184792219275,0.156196943972835,"1:2:3:4","5",TRUE,722,26,117
"69A",0.253828541340034,0.882404951370469,0.152671755725191,"1:2:3:4","5",TRUE,717,26,118
"69A",0.203016227375348,0.883289124668435,0.14708635619003,"1:2:3:4","5",TRUE,708,26,119
"69A",0.249195189259508,0.8894783377542,0.144284254739471,"1:2:3:4","5",TRUE,720,26,120
"69A",0.206315308275714,0.875331564986737,0.156006419073819,"1:2:3:4","5",TRUE,722,26,121
"69A",0.118715506767101,0.866489832007073,0.152812858783008,"1:2:3:4","5",TRUE,709,26,122
"69A",0.0588134895176377,0.862068965517241,0.141627906976744,"1:2:3:4","5",TRUE,710,26,123
"69A",0.0884086277135429,0.853227232537577,0.158416945373467,"1:2:3:4","5",TRUE,739,26,124
"69A",0.0640443243117238,0.858532272325376,0.146514604910974,"1:2:3:4","5",TRUE,703,26,125
"69A",0.225701971963392,0.874447391688771,0.158966772872098,"1:2:3:4","5",TRUE,721,26,126
"69A",0.101976675612714,0.859416445623342,0.156125809015556,"1:2:3:4","5",TRUE,735,26,127
"69A",0.234712950961324,0.885057471264368,0.148091423185674,"1:2:3:4","5",TRUE,699,26,128
"69A",0.169247729911713,0.87709991158267,0.14987714987715,"1:2:3:4","5",TRUE,701,26,129
"69A",0.0535146694584764,0.851458885941645,0.148535324526134,"1:2:3:4","5",TRUE,716,26,130
"69A",0.0560369962145968,0.846153846153846,0.153955471340597,"1:2:3:4","5",TRUE,701,26,131
"69A",0.147406573721007,0.870910698496905,0.153277931671283,"1:2:3:4","5",TRUE,711,26,132
"69A",0.218038835248895,0.879752431476569,0.152418512933534,"1:2:3:4","5",TRUE,702,26,133
"69A",0.134435154702807,0.865605658709107,0.156517765337599,"1:2:3:4","5",TRUE,722,26,134
"69A",0.115479860511974,0.857648099027409,0.160646714826281,"1:2:3:4","5",TRUE,710,26,135
"69A",0.0653855149107701,0.855879752431477,0.149258876249569,"1:2:3:4","5",TRUE,714,26,136
"69A",0.202083359467536,0.868258178603006,0.163074372335386,"1:2:3:4","5",TRUE,705,26,137
"69A",0.13948080700578,0.883289124668435,0.139399581103095,"1:2:3:4","5",TRUE,707,26,138
"69A",0.0828880359745871,0.847038019451813,0.162372330547818,"1:2:3:4","5",TRUE,713,26,139
"69A",0.061020891439305,0.847038019451813,0.155166495022314,"1:2:3:4","5",TRUE,715,26,140
"69A",0.084623844039037,0.850574712643678,0.159745517640254,"1:2:3:4","5",TRUE,715,26,141
"69A",0.171207723388593,0.870910698496905,0.156566794323046,"1:2:3:4","5",TRUE,730,26,142
"69A",0.106292506971441,0.862068965517241,0.154550724637681,"1:2:3:4","5",TRUE,712,26,143
"69A",0.0784313063998175,0.855879752431477,0.153290529695024,"1:2:3:4","5",TRUE,724,26,144
"69A",0.123455132783221,0.873563218390805,0.146752015173068,"1:2:3:4","5",TRUE,698,26,145
"69A",0.08327066811662,0.860300618921309,0.150697894487816,"1:2:3:4","5",TRUE,697,26,146
"69A",0.11002823602961,0.864721485411141,0.152815328552956,"1:2:3:4","5",TRUE,705,26,147
"69A",0.0973865206298683,0.86737400530504,0.147608670719119,"1:2:3:4","5",TRUE,712,26,148
"69A",0.194325078978388,0.880636604774536,0.149026345933562,"1:2:3:4","5",TRUE,713,26,149
"69A",0.137566868514296,0.859416445623342,0.163053400273848,"1:2:3:4","5",TRUE,721,26,150
"69A",0.127206836130553,0.863837312113174,0.156970111795574,"1:2:3:4","5",TRUE,718,26,151
"69A",0.0945143060025261,0.856763925729443,0.15676641357749,"1:2:3:4","5",TRUE,728,26,152
"69A",0.324004509753071,0.8894783377542,0.149397864121791,"1:2:3:4","5",TRUE,723,26,153
"69A",0.123171165492993,0.857648099027409,0.162180425723618,"1:2:3:4","5",TRUE,717,26,154
"69A",0.126331063154939,0.876215738284704,0.144608727010458,"1:2:3:4","5",TRUE,701,26,155
"69A",0.197028682342586,0.881520778072502,0.148395873483732,"1:2:3:4","5",TRUE,720,26,156
"69A",0.106292506971441,0.85499557913351,0.161167071899965,"1:2:3:4","5",TRUE,707,26,157
"69A",0.128383984751235,0.865605658709107,0.155467869222097,"1:2:3:4","5",TRUE,712,26,158
"69A",0.102211779665878,0.861184792219275,0.154520917678812,"1:2:3:4","5",TRUE,726,26,159
"69A",0.0982877175460064,0.866489832007073,0.148677373641946,"1:2:3:4","5",TRUE,708,26,160
"69A",0.300294760512689,0.888594164456233,0.148962844768635,"1:2:3:4","5",TRUE,719,26,161
"69A",0.122323176647465,0.868258178603006,0.151771243343367,"1:2:3:4","5",TRUE,706,26,162
"69A",0.148087039754366,0.877984084880637,0.146136363636364,"1:2:3:4","5",TRUE,710,26,163
"69A",0.0906767090042394,0.866489832007073,0.146894668091676,"1:2:3:4","5",TRUE,698,26,164
"69A",0.225701971963392,0.880636604774536,0.152181189333928,"1:2:3:4","5",TRUE,729,26,165
"69A",0.102447425744121,0.859416445623342,0.156214879748258,"1:2:3:4","5",TRUE,723,26,166
"69A",0.193878099052509,0.880636604774536,0.149000818043707,"1:2:3:4","5",TRUE,698,26,167
"69A",0.0858011975264928,0.861184792219275,0.150592609807111,"1:2:3:4","5",TRUE,712,26,168
"69A",0.0842349939980314,0.861184792219275,0.150163475011677,"1:2:3:4","5",TRUE,706,26,169
"69A",0.140447738798657,0.870910698496905,0.152219140083218,"1:2:3:4","5",TRUE,714,26,170
"69A",0.110790991865449,0.862068965517241,0.155494125777471,"1:2:3:4","5",TRUE,715,26,171
"69A",0.112332403297803,0.865605658709107,0.152431313944132,"1:2:3:4","5",TRUE,713,26,172
"69A",0.11311113246098,0.870026525198939,0.148325905610787,"1:2:3:4","5",TRUE,711,26,173
"69A",0.33078968247836,0.885057471264368,0.155002243158367,"1:2:3:4","5",TRUE,720,26,174
"69A",0.113895260058552,0.869142351900973,0.149330227140361,"1:2:3:4","5",TRUE,707,26,175
"69A",0.181771567601057,0.873563218390805,0.155123393608552,"1:2:3:4","5",TRUE,733,26,176
"69A",0.153291668691168,0.869142351900973,0.155918931368033,"1:2:3:4","5",TRUE,720,26,177
"69A",0.129273989327614,0.868258178603006,0.153016241299304,"1:2:3:4","5",TRUE,712,26,178
"69A",0.181353462834341,0.873563218390805,0.155088118249005,"1:2:3:4","5",TRUE,717,26,179
"69A",0.137884024649994,0.862953138815208,0.159682899207248,"1:2:3:4","5",TRUE,721,26,180
"69A",0.158314229643997,0.875331564986737,0.15031461197856,"1:2:3:4","5",TRUE,700,26,181
"69A",0.0880023864360158,0.86737400530504,0.145446203257628,"1:2:3:4","5",TRUE,708,26,182
"69A",0.327002787780829,0.887709991158267,0.151641594377951,"1:2:3:4","5",TRUE,750,26,183
"69A",0.223632517852766,0.879752431476569,0.152941176470588,"1:2:3:4","5",TRUE,704,26,184
"69A",0.25795333916299,0.874447391688771,0.161869675339627,"1:2:3:4","5",TRUE,707,26,185
"69A",0.181771567601057,0.880636604774536,0.147647880763857,"1:2:3:4","5",TRUE,710,26,186
"69A",0.0771771521293616,0.861184792219275,0.148249515338123,"1:2:3:4","5",TRUE,711,26,187
"69A",0.0894324543474884,0.85499557913351,0.157113496232016,"1:2:3:4","5",TRUE,717,26,188
"69A",0.132285471991793,0.860300618921309,0.161304938830992,"1:2:3:4","5",TRUE,718,26,189
"69A",0.107276118244045,0.86737400530504,0.149748513946045,"1:2:3:4","5",TRUE,706,26,190
"69A",0.143719517853478,0.871794871794872,0.151807228915663,"1:2:3:4","5",TRUE,713,26,191
"69A",0.143719517853478,0.870026525198939,0.153617216117216,"1:2:3:4","5",TRUE,716,26,192
"69A",0.133509617372876,0.868258178603006,0.153740562800275,"1:2:3:4","5",TRUE,712,26,193
"69A",0.133817419642288,0.858532272325376,0.163263003497687,"1:2:3:4","5",TRUE,712,26,194
"69A",0.114684823514433,0.862068965517241,0.156279069767442,"1:2:3:4","5",TRUE,704,26,195
"69A",0.248050127124097,0.87709991158267,0.158084101641556,"1:2:3:4","5",TRUE,725,26,196
"69A",0.275768117462698,0.891246684350133,0.144208037825059,"1:2:3:4","5",TRUE,731,26,197
"69A",0.0958292633771311,0.855879752431477,0.157937902753368,"1:2:3:4","5",TRUE,697,26,198
"69A",0.0859990095181422,0.854111405835544,0.157017446382931,"1:2:3:4","5",TRUE,740,26,199
"69A",0.127794055065319,0.870910698496905,0.150108857568466,"1:2:3:4","5",TRUE,711,26,200
"69A",0.128383984751235,0.861184792219275,0.159766028214245,"1:2:3:4","5",TRUE,712,26,201
"69A",0.288765998383944,0.885057471264368,0.152271704903284,"1:2:3:4","5",TRUE,727,26,202
"69A",0.143059120762737,0.863837312113174,0.159668633681344,"1:2:3:4","5",TRUE,719,26,203
"69A",0.20584074883292,0.880636604774536,0.150256118383608,"1:2:3:4","5",TRUE,722,26,204
"69A",0.11311113246098,0.86737400530504,0.150912872660042,"1:2:3:4","5",TRUE,707,26,205
"69A",0.204423609859958,0.871794871794872,0.159611380985427,"1:2:3:4","5",TRUE,704,26,206
"69A",0.185151294446617,0.866489832007073,0.162896961389079,"1:2:3:4","5",TRUE,711,26,207
"69A",0.227266620298107,0.875331564986737,0.158159681573402,"1:2:3:4","5",TRUE,704,26,208
"69A",0.118170004134851,0.85499557913351,0.16368909512761,"1:2:3:4","5",TRUE,711,26,209
"69A",0.118715506767101,0.857648099027409,0.161286681715576,"1:2:3:4","5",TRUE,725,26,210
"69A",0.145049471787972,0.875331564986737,0.148445449406444,"1:2:3:4","5",TRUE,728,26,211
"69A",0.17002902024715,0.86737400530504,0.160053649267911,"1:2:3:4","5",TRUE,726,26,212
"69A",0.104833974254172,0.871794871794872,0.145013723696249,"1:2:3:4","5",TRUE,719,26,213
"69A",0.123739754751203,0.866489832007073,0.153751261635079,"1:2:3:4","5",TRUE,728,26,214
"69A",0.18472541574736,0.874447391688771,0.154564315352697,"1:2:3:4","5",TRUE,718,26,215
"69A",0.118442441403153,0.871794871794872,0.147617383199348,"1:2:3:4","5",TRUE,706,26,216
"69A",0.0844291951561699,0.865605658709107,0.146198169698339,"1:2:3:4","5",TRUE,731,26,217
"69A",0.099655173590351,0.860300618921309,0.15473708593931,"1:2:3:4","5",TRUE,710,26,218
"69A",0.142074210551226,0.865605658709107,0.157731958762887,"1:2:3:4","5",TRUE,722,26,219
"69A",0.151536778989067,0.863837312113174,0.160997204100652,"1:2:3:4","5",TRUE,709,26,220
"69A",0.0910952956312579,0.861184792219275,0.151933701657459,"1:2:3:4","5",TRUE,716,26,221
"69A",0.0900524327178457,0.852343059239611,0.159681093394077,"1:2:3:4","5",TRUE,720,26,222
"69A",0.114421029390774,0.862953138815208,0.155410720305652,"1:2:3:4","5",TRUE,724,26,223
"69A",0.105075665720463,0.870910698496905,0.14589072543618,"1:2:3:4","5",TRUE,715,26,224
"69A",0.124025032906277,0.870026525198939,0.150348027842227,"1:2:3:4","5",TRUE,708,26,225
"69A",0.0991972539723395,0.862068965517241,0.153014265991717,"1:2:3:4","5",TRUE,713,26,226
"69A",0.112332403297803,0.870026525198939,0.148195725797034,"1:2:3:4","5",TRUE,704,26,227
"69A",0.259144117030362,0.876215738284704,0.16,"1:2:3:4","5",TRUE,692,26,228
"69A",0.127500107533888,0.864721485411141,0.156142637128302,"1:2:3:4","5",TRUE,696,26,229
"69A",0.114157842037371,0.86737400530504,0.151127644733783,"1:2:3:4","5",TRUE,707,26,230
"69A",0.160886888283294,0.872679045092838,0.15339499210467,"1:2:3:4","5",TRUE,725,26,231
"69A",0.104592838718357,0.855879752431477,0.159959072305593,"1:2:3:4","5",TRUE,715,26,232
"69A",0.109522651763406,0.861184792219275,0.156101518136516,"1:2:3:4","5",TRUE,704,26,233
"69A",0.108518442097328,0.870026525198939,0.147437344773086,"1:2:3:4","5",TRUE,727,26,234
"69A",0.205367280955588,0.874447391688771,0.156887319129543,"1:2:3:4","5",TRUE,720,26,235
"69A",0.0806288840701764,0.849690539345712,0.159376401973979,"1:2:3:4","5",TRUE,722,26,236
"69A",0.137566868514296,0.872679045092838,0.149963776865491,"1:2:3:4","5",TRUE,689,26,237
"69A",0.187295461045132,0.875331564986737,0.153942857142857,"1:2:3:4","5",TRUE,719,26,238
"69A",0.108019795396288,0.863837312113174,0.153281321707205,"1:2:3:4","5",TRUE,716,26,239
"69A",0.100115207081158,0.863837312113174,0.15158371040724,"1:2:3:4","5",TRUE,726,26,240
"69A",0.200230463654082,0.868258178603006,0.162862010221465,"1:2:3:4","5",TRUE,729,26,241
"69A",0.0784313063998175,0.846153846153846,0.161795166858458,"1:2:3:4","5",TRUE,715,26,242
"69A",0.121481025897885,0.858532272325376,0.161022805805114,"1:2:3:4","5",TRUE,716,26,243
"69A",0.115479860511974,0.874447391688771,0.144456227170967,"1:2:3:4","5",TRUE,704,26,244
"69A",0.136619770469495,0.873563218390805,0.148936170212766,"1:2:3:4","5",TRUE,732,26,245
"69A",0.0747286864948628,0.853227232537577,0.154557154557155,"1:2:3:4","5",TRUE,708,26,246
"69A",0.122041813044174,0.862953138815208,0.156851311953353,"1:2:3:4","5",TRUE,711,26,247
"69A",0.0917268014234756,0.85499557913351,0.157686948444032,"1:2:3:4","5",TRUE,692,26,248
"69A",0.122041813044174,0.872679045092838,0.147408016927236,"1:2:3:4","5",TRUE,698,26,249
"69A",0.120922815591579,0.861184792219275,0.158360398700862,"1:2:3:4","5",TRUE,725,26,250
"69A",0.169247729911713,0.878868258178603,0.148030423430582,"1:2:3:4","5",TRUE,720,26,251
"69A",0.220056526451474,0.888594164456233,0.142807424593968,"1:2:3:4","5",TRUE,699,26,252
"69A",0.128383984751235,0.869142351900973,0.151996318030146,"1:2:3:4","5",TRUE,711,26,253
"69A",0.118715506767101,0.862953138815208,0.156229031536569,"1:2:3:4","5",TRUE,736,26,254
"69A",0.094732205794705,0.866489832007073,0.147858129894058,"1:2:3:4","5",TRUE,715,26,255
"69A",0.0577399159841773,0.853227232537577,0.1487400839944,"1:2:3:4","5",TRUE,715,26,256
"69A",0.0982877175460064,0.863837312113174,0.151157563497415,"1:2:3:4","5",TRUE,723,26,257
"69A",0.133509617372876,0.871794871794872,0.150201162270899,"1:2:3:4","5",TRUE,739,26,258
"69A",0.0894324543474884,0.859416445623342,0.153117600631413,"1:2:3:4","5",TRUE,728,26,259
"69A",0.0666012450877784,0.846153846153846,0.157950035022181,"1:2:3:4","5",TRUE,708,26,260
"69A",0.0888167443035728,0.864721485411141,0.148083420715368,"1:2:3:4","5",TRUE,707,26,261
"69A",0.0844291951561699,0.862953138815208,0.14862700228833,"1:2:3:4","5",TRUE,711,26,262
"69A",0.113633282061853,0.862068965517241,0.156098125433927,"1:2:3:4","5",TRUE,713,26,263
"69A",0.0953889239737762,0.859416445623342,0.15456022278951,"1:2:3:4","5",TRUE,709,26,264
"69A",0.0859990095181422,0.855879752431477,0.155406887475324,"1:2:3:4","5",TRUE,736,26,265
"69A",0.131072550760276,0.866489832007073,0.155041436464088,"1:2:3:4","5",TRUE,722,26,266
"69A",0.143719517853478,0.874447391688771,0.149142599277978,"1:2:3:4","5",TRUE,720,26,267
"69A",0.107276118244045,0.855879752431477,0.160548327137546,"1:2:3:4","5",TRUE,710,26,268
"69A",0.0861972775591844,0.860300618921309,0.151462596832004,"1:2:3:4","5",TRUE,716,26,269
"69A",0.0773550816526392,0.862953138815208,0.146706934603322,"1:2:3:4","5",TRUE,701,26,270
"69A",0.128679970034094,0.876215738284704,0.144994375703037,"1:2:3:4","5",TRUE,720,26,271
"69A",0.084623844039037,0.869142351900973,0.142941107323381,"1:2:3:4","5",TRUE,704,26,272
"69A",0.162002214833789,0.872679045092838,0.153524075366364,"1:2:3:4","5",TRUE,706,26,273
"69A",0.110281902704833,0.868258178603006,0.149488682063656,"1:2:3:4","5",TRUE,717,26,274
"69A",0.134745090769739,0.876215738284704,0.145958168456755,"1:2:3:4","5",TRUE,727,26,275
"69A",0.0859990095181422,0.857648099027409,0.153828701077708,"1:2:3:4","5",TRUE,722,26,276
"69A",0.152587287173957,0.869142351900973,0.155815822712137,"1:2:3:4","5",TRUE,713,26,277
"69A",0.146729234457035,0.865605658709107,0.158493166417825,"1:2:3:4","5",TRUE,713,26,278
"69A",0.0800737834178021,0.859416445623342,0.150626678603402,"1:2:3:4","5",TRUE,728,26,279
"69A",0.107276118244045,0.859416445623342,0.157258064516129,"1:2:3:4","5",TRUE,716,26,280
"69A",0.105317914398911,0.86737400530504,0.149323378441437,"1:2:3:4","5",TRUE,713,26,281
"69A",0.0850144891101984,0.865605658709107,0.146310284718187,"1:2:3:4","5",TRUE,706,26,282
"69A",0.180936319777964,0.872679045092838,0.155964377782986,"1:2:3:4","5",TRUE,713,26,283
"69A",0.157950080646842,0.874447391688771,0.15115354017502,"1:2:3:4","5",TRUE,714,26,284
"69A",0.0641919765090258,0.853227232537577,0.151076716016151,"1:2:3:4","5",TRUE,730,26,285
"69A",0.0705480231071865,0.864721485411141,0.143137028927049,"1:2:3:4","5",TRUE,714,26,286
"69A",0.0621554690174115,0.855879752431477,0.148104819840898,"1:2:3:4","5",TRUE,707,26,287
"69A",0.0923626850440198,0.849690539345712,0.162627770759159,"1:2:3:4","5",TRUE,710,26,288
"69A",0.145719056842539,0.877984084880637,0.145784346657709,"1:2:3:4","5",TRUE,732,26,289
"69A",0.165394800357875,0.87709991158267,0.149421255699754,"1:2:3:4","5",TRUE,708,26,290
"69A",0.187295461045132,0.876215738284704,0.152982456140351,"1:2:3:4","5",TRUE,693,26,291
"69A",0.285460192652899,0.883289124668435,0.154091271196085,"1:2:3:4","5",TRUE,707,26,292
"69A",0.103157628639967,0.86737400530504,0.148872526461114,"1:2:3:4","5",TRUE,718,26,293
"69A",0.0969390255654413,0.86737400530504,0.147548513032495,"1:2:3:4","5",TRUE,718,26,294
"69A",0.107771331943224,0.864721485411141,0.152387402641382,"1:2:3:4","5",TRUE,725,26,295
"69A",0.0915158145600355,0.862953138815208,0.150390852875977,"1:2:3:4","5",TRUE,705,26,296
"69A",0.180104909952943,0.870910698496905,0.157705260713041,"1:2:3:4","5",TRUE,706,26,297
"69A",0.182190636295305,0.870910698496905,0.157960058670879,"1:2:3:4","5",TRUE,722,26,298
"69A",0.0852104873700681,0.858532272325376,0.152823920265781,"1:2:3:4","5",TRUE,711,26,299
"69A",0.201618534209205,0.877984084880637,0.152700831024931,"1:2:3:4","5",TRUE,710,26,300
"69A",0.109522651763406,0.869142351900973,0.148489443602006,"1:2:3:4","5",TRUE,703,26,301
"69A",0.241289405742624,0.874447391688771,0.160384657897646,"1:2:3:4","5",TRUE,739,26,302
"69A",0.0689419952843237,0.85499557913351,0.151161460121295,"1:2:3:4","5",TRUE,715,26,303
"69A",0.118715506767101,0.871794871794872,0.147684605757196,"1:2:3:4","5",TRUE,714,26,304
"69A",0.0655362591812744,0.841732979664014,0.161238715575363,"1:2:3:4","5",TRUE,718,26,305
"69A",0.0764695173075159,0.846153846153846,0.161191662890802,"1:2:3:4","5",TRUE,719,26,306
"69A",0.0890215085445039,0.851458885941645,0.160168239172445,"1:2:3:4","5",TRUE,724,26,307
"69A",0.113371906658017,0.864721485411141,0.153512278697887,"1:2:3:4","5",TRUE,721,26,308
"69A",0.104352257834285,0.851458885941645,0.163982602562596,"1:2:3:4","5",TRUE,696,26,309
"69A",0.101742112337884,0.866489832007073,0.149401940871135,"1:2:3:4","5",TRUE,724,26,310
"69A",0.185578154995965,0.871794871794872,0.157478455908393,"1:2:3:4","5",TRUE,700,26,311
"69A",0.123739754751203,0.862068965517241,0.158045319295033,"1:2:3:4","5",TRUE,719,26,312
"69A",0.0481358058513588,0.850574712643678,0.146950092421442,"1:2:3:4","5",TRUE,705,26,313
"69A",0.0684673546267028,0.85499557913351,0.151005195391913,"1:2:3:4","5",TRUE,725,26,314
"69A",0.101742112337884,0.870026525198939,0.146076322047333,"1:2:3:4","5",TRUE,718,26,315
"69A",0.152939072417595,0.864721485411141,0.160299285795261,"1:2:3:4","5",TRUE,719,26,316
"69A",0.123455132783221,0.873563218390805,0.146739130434783,"1:2:3:4","5",TRUE,731,26,317
"69A",0.114949225807237,0.866489832007073,0.152128401953943,"1:2:3:4","5",TRUE,701,26,318
"69A",0.168470029637475,0.877984084880637,0.148880850101741,"1:2:3:4","5",TRUE,725,26,319
"69A",0.148770646991072,0.871794871794872,0.152575652575653,"1:2:3:4","5",TRUE,706,26,320
"69A",0.176004816375847,0.875331564986737,0.152582962709545,"1:2:3:4","5",TRUE,713,26,321
"69A",0.108019795396288,0.860300618921309,0.156574295814802,"1:2:3:4","5",TRUE,716,26,322
"69A",0.0863960027010271,0.857648099027409,0.153943290092986,"1:2:3:4","5",TRUE,703,26,323
"69A",0.100577364202932,0.856763925729443,0.158243486073675,"1:2:3:4","5",TRUE,722,26,324
"69A",0.467268986108841,0.886825817860301,0.159697559857945,"1:2:3:4","5",TRUE,715,26,325
"69A",0.103157628639967,0.861184792219275,0.154728118969236,"1:2:3:4","5",TRUE,723,26,326
"69A",0.0755940909415997,0.870910698496905,0.138964269561284,"1:2:3:4","5",TRUE,723,26,327
"69A",0.127500107533888,0.878868258178603,0.142102304665542,"1:2:3:4","5",TRUE,726,26,328
"69A",0.156862651572005,0.876215738284704,0.149201709017315,"1:2:3:4","5",TRUE,718,26,329
"69A",0.230959778111202,0.884173297966401,0.148720930232558,"1:2:3:4","5",TRUE,712,26,330
"69A",0.120367170284571,0.868258178603006,0.151436031331593,"1:2:3:4","5",TRUE,718,26,331
"69A",0.0694199263239828,0.843501326259947,0.161157510881073,"1:2:3:4","5",TRUE,696,26,332
"69A",0.147406573721007,0.877984084880637,0.146022155085599,"1:2:3:4","5",TRUE,728,26,333
"69A",0.0802583910344019,0.836427939876216,0.170610067269775,"1:2:3:4","5",TRUE,706,26,334
"69A",0.113895260058552,0.868258178603006,0.150222638856339,"1:2:3:4","5",TRUE,698,26,335
"69A",0.106537561039537,0.848806366047745,0.166857798165138,"1:2:3:4","5",TRUE,722,26,336
"69A",0.105804088533779,0.859416445623342,0.156929347826087,"1:2:3:4","5",TRUE,722,26,337
"69A",0.135055741384632,0.870910698496905,0.151354401805869,"1:2:3:4","5",TRUE,721,26,338
"69A",0.185578154995965,0.870026525198939,0.159291036351321,"1:2:3:4","5",TRUE,726,26,339
"69A",0.278320024804897,0.888594164456233,0.147451248717071,"1:2:3:4","5",TRUE,715,26,340
"69A",0.112332403297803,0.860300618921309,0.157519850537132,"1:2:3:4","5",TRUE,698,26,341
"69A",0.118170004134851,0.858532272325376,0.160351826792963,"1:2:3:4","5",TRUE,723,26,342
"69A",0.162750058038748,0.876215738284704,0.15,"1:2:3:4","5",TRUE,732,26,343
"69A",0.101041654758891,0.866489832007073,0.149255427986814,"1:2:3:4","5",TRUE,724,26,344
"69A",0.107771331943224,0.864721485411141,0.15236388079767,"1:2:3:4","5",TRUE,722,26,345
"69A",0.119538485930075,0.866489832007073,0.152999197155637,"1:2:3:4","5",TRUE,725,26,346
"69A",0.0848189416788481,0.852343059239611,0.158237075249523,"1:2:3:4","5",TRUE,724,26,347
"69A",0.158314229643997,0.868258178603006,0.157555529980435,"1:2:3:4","5",TRUE,716,26,348
"69A",0.139159978005711,0.861184792219275,0.161636485580148,"1:2:3:4","5",TRUE,721,26,349
"69A",0.0925756243410149,0.841732979664014,0.169668797210924,"1:2:3:4","5",TRUE,712,26,350
"69A",0.112074020130978,0.868258178603006,0.149840836743975,"1:2:3:4","5",TRUE,723,26,351
"69A",0.107771331943224,0.869142351900973,0.14814390467461,"1:2:3:4","5",TRUE,716,26,352
"69A",0.209668000332823,0.873563218390805,0.158299827685238,"1:2:3:4","5",TRUE,715,26,353
"69A",0.145049471787972,0.86737400530504,0.156461001164144,"1:2:3:4","5",TRUE,703,26,354
"69A",0.175196067011621,0.881520778072502,0.145947842357619,"1:2:3:4","5",TRUE,707,26,355
"69A",0.164256117085289,0.866489832007073,0.16017316017316,"1:2:3:4","5",TRUE,724,26,356
"69A",0.0633111420965895,0.843501326259947,0.158962157262633,"1:2:3:4","5",TRUE,724,26,357
"69A",0.100346019576532,0.858532272325376,0.15653052064632,"1:2:3:4","5",TRUE,720,26,358
"69A",0.167310174525554,0.872679045092838,0.154267085807428,"1:2:3:4","5",TRUE,703,26,359
"69A",0.10702936537183,0.860300618921309,0.156400895065363,"1:2:3:4","5",TRUE,709,26,360
"69A",0.115479860511974,0.875331564986737,0.143587360594796,"1:2:3:4","5",TRUE,704,26,361
"69A",0.074556798116244,0.85499557913351,0.152955860660388,"1:2:3:4","5",TRUE,727,26,362
"69A",0.170421016863782,0.874447391688771,0.152834933699131,"1:2:3:4","5",TRUE,718,26,363
"69A",0.13017016374011,0.862068965517241,0.159191552174407,"1:2:3:4","5",TRUE,722,26,364
"69A",0.124310968761263,0.858532272325376,0.161541939859824,"1:2:3:4","5",TRUE,713,26,365
"69A",0.0697403862648753,0.847922192749779,0.157507472982295,"1:2:3:4","5",TRUE,709,26,366
"69A",0.0942969074160254,0.84526967285588,0.167059377945335,"1:2:3:4","5",TRUE,697,26,367
"69A",0.0798896004293523,0.848806366047745,0.159948592125248,"1:2:3:4","5",TRUE,706,26,368
"69A",0.119538485930075,0.869142351900973,0.150394588500564,"1:2:3:4","5",TRUE,732,26,369
"69A",0.144050858730821,0.86737400530504,0.156307129798903,"1:2:3:4","5",TRUE,718,26,370
"69A",0.140771536691173,0.876215738284704,0.146888734674994,"1:2:3:4","5",TRUE,708,26,371
"69A",0.0932173923114068,0.862068965517241,0.151624957535953,"1:2:3:4","5",TRUE,722,26,372
"69A",0.111302431110414,0.870910698496905,0.147132453345471,"1:2:3:4","5",TRUE,712,26,373
"69A",0.135055741384632,0.858532272325376,0.163519217951566,"1:2:3:4","5",TRUE,730,26,374
"69A",0.149801979340737,0.871794871794872,0.152705364384196,"1:2:3:4","5",TRUE,705,26,375
"69A",0.081375008905582,0.858532272325376,0.151780569321194,"1:2:3:4","5",TRUE,712,26,376
"69A",0.129273989327614,0.870026525198939,0.151273148148148,"1:2:3:4","5",TRUE,709,26,377
"69A",0.11181623128831,0.874447391688771,0.143778801843318,"1:2:3:4","5",TRUE,712,26,378
"69A",0.0761181367329465,0.854111405835544,0.154206675811614,"1:2:3:4","5",TRUE,727,26,379
"69A",0.175599976093822,0.877984084880637,0.149764415526139,"1:2:3:4","5",TRUE,726,26,380
"69A",0.0865951859975022,0.859416445623342,0.152389748326022,"1:2:3:4","5",TRUE,709,26,381
"69A",0.0900524327178457,0.858532272325376,0.15406162464986,"1:2:3:4","5",TRUE,710,26,382
"69A",0.0764695173075159,0.852343059239611,0.155854430379747,"1:2:3:4","5",TRUE,723,26,383
"69A",0.0707106693797334,0.840848806366048,0.163780418788908,"1:2:3:4","5",TRUE,724,26,384
"69A",0.130470267003061,0.876215738284704,0.145283238338955,"1:2:3:4","5",TRUE,711,26,385
"69A",0.213075174745719,0.883289124668435,0.14808520280988,"1:2:3:4","5",TRUE,718,26,386
"69A",0.193432147254626,0.881520778072502,0.148011527377522,"1:2:3:4","5",TRUE,707,26,387
"69A",0.0875980118538538,0.859416445623342,0.15264655663062,"1:2:3:4","5",TRUE,716,26,388
"69A",0.0896386380887712,0.857648099027409,0.154759213203708,"1:2:3:4","5",TRUE,724,26,389
"69A",0.116817188778844,0.85499557913351,0.16341295360588,"1:2:3:4","5",TRUE,715,26,390
"69A",0.106537561039537,0.858532272325376,0.157913124490509,"1:2:3:4","5",TRUE,706,26,391
"69A",0.10702936537183,0.870910698496905,0.146298472385429,"1:2:3:4","5",TRUE,702,26,392
"69A",0.198851949461788,0.877984084880637,0.152409158218476,"1:2:3:4","5",TRUE,708,26,393
"69A",0.0871954953895146,0.856763925729443,0.154918221607924,"1:2:3:4","5",TRUE,724,26,394
"69A",0.212585066488384,0.884173297966401,0.147055433905728,"1:2:3:4","5",TRUE,722,26,395
"69A",0.135991997009751,0.861184792219275,0.161076887976272,"1:2:3:4","5",TRUE,717,26,396
"69A",0.0621554690174115,0.85499557913351,0.148874448828034,"1:2:3:4","5",TRUE,711,26,397
"69A",0.134745090769739,0.863837312113174,0.158270893371758,"1:2:3:4","5",TRUE,710,26,398
"69A",0.105317914398911,0.868258178603006,0.148480036297641,"1:2:3:4","5",TRUE,725,26,399
"69A",0.326250627109581,0.893899204244032,0.144281524926686,"1:2:3:4","5",TRUE,699,26,400
"69A",0.0768225199437053,0.861184792219275,0.148109727985247,"1:2:3:4","5",TRUE,720,26,401
"69A",0.105317914398911,0.860300618921309,0.156002297530155,"1:2:3:4","5",TRUE,706,26,402
"69A",0.159779240351979,0.863837312113174,0.162213066509712,"1:2:3:4","5",TRUE,699,26,403
"69A",0.171207723388593,0.868258178603006,0.159326723541619,"1:2:3:4","5",TRUE,710,26,404
"69A",0.125750566728124,0.856763925729443,0.163508453421083,"1:2:3:4","5",TRUE,725,26,405
"69A",0.0771771521293616,0.855879752431477,0.152923538230885,"1:2:3:4","5",TRUE,724,26,406
"69A",0.138520532187947,0.870026525198939,0.15275846082522,"1:2:3:4","5",TRUE,713,26,407
"69A",0.124310968761263,0.870026525198939,0.150381940485691,"1:2:3:4","5",TRUE,720,26,408
"69A",0.181771567601057,0.86737400530504,0.16160942536401,"1:2:3:4","5",TRUE,727,26,409
"69A",0.0762936247291732,0.846153846153846,0.16111364673665,"1:2:3:4","5",TRUE,711,26,410
"69A",0.151188219252997,0.862953138815208,0.16178880824163,"1:2:3:4","5",TRUE,699,26,411
"69A",0.0631655159645922,0.864721485411141,0.140819144040497,"1:2:3:4","5",TRUE,709,26,412
"69A",0.083655066585414,0.856763925729443,0.153992848629321,"1:2:3:4","5",TRUE,694,26,413
"69A",0.0797058410923374,0.854111405835544,0.155233827415834,"1:2:3:4","5",TRUE,716,26,414
"69A",0.0859990095181422,0.862953138815208,0.14902411021814,"1:2:3:4","5",TRUE,707,26,415
"69A",0.155424382972597,0.871794871794872,0.153542392566783,"1:2:3:4","5",TRUE,710,26,416
"69A",0.154710201545619,0.872679045092838,0.152530701251004,"1:2:3:4","5",TRUE,723,26,417
"69A",0.103395455343595,0.869142351900973,0.147255535055351,"1:2:3:4","5",TRUE,712,26,418
"69A",0.0810010873955265,0.853227232537577,0.156418918918919,"1:2:3:4","5",TRUE,718,26,419
"69A",0.201154778126097,0.875331564986737,0.155460770007857,"1:2:3:4","5",TRUE,733,26,420
"69A",0.145719056842539,0.869142351900973,0.154812193172737,"1:2:3:4","5",TRUE,714,26,421
"69A",0.212585066488384,0.870910698496905,0.16142393372887,"1:2:3:4","5",TRUE,724,26,422
"69A",0.104592838718357,0.855879752431477,0.159962799348989,"1:2:3:4","5",TRUE,702,26,423
"69A",0.149113633089502,0.874447391688771,0.149931538110452,"1:2:3:4","5",TRUE,718,26,424
"69A",0.103395455343595,0.871794871794872,0.144714718080933,"1:2:3:4","5",TRUE,726,26,425
"69A",0.0624423943857057,0.857648099027409,0.14669678147939,"1:2:3:4","5",TRUE,723,26,426
"69A",0.111302431110414,0.865605658709107,0.152266697427616,"1:2:3:4","5",TRUE,718,26,427
"69A",0.106292506971441,0.860300618921309,0.156210283073368,"1:2:3:4","5",TRUE,713,26,428
"69A",0.186005999659031,0.87709991158267,0.151929260450161,"1:2:3:4","5",TRUE,720,26,429
"69A",0.117627008109614,0.864721485411141,0.154322377307519,"1:2:3:4","5",TRUE,723,26,430
"69A",0.0976110422235168,0.859416445623342,0.155114021223753,"1:2:3:4","5",TRUE,716,26,431
"69A",0.0603223216154253,0.854111405835544,0.148977272727273,"1:2:3:4","5",TRUE,717,26,432
"69A",0.118442441403153,0.863837312113174,0.155325273459988,"1:2:3:4","5",TRUE,719,26,433
"69A",0.154354342411104,0.872679045092838,0.152459203469132,"1:2:3:4","5",TRUE,731,26,434
"69A",0.150493503172397,0.872679045092838,0.151949085123309,"1:2:3:4","5",TRUE,712,26,435
"69A",0.102920348977219,0.860300618921309,0.155505364201016,"1:2:3:4","5",TRUE,721,26,436
"69A",0.134745090769739,0.876215738284704,0.145980253878702,"1:2:3:4","5",TRUE,701,26,437
"69A",0.0823173818799147,0.854111405835544,0.156009070294785,"1:2:3:4","5",TRUE,722,26,438
"69A",0.0902600457999742,0.859416445623342,0.15334402198809,"1:2:3:4","5",TRUE,717,26,439
"69A",0.209185729141988,0.878868258178603,0.152490957881227,"1:2:3:4","5",TRUE,704,26,440
"69A",0.156501841445275,0.877984084880637,0.147287708857862,"1:2:3:4","5",TRUE,712,26,441
"69A",0.128383984751235,0.862068965517241,0.158901251738526,"1:2:3:4","5",TRUE,715,26,442
"69A",0.149113633089502,0.868258178603006,0.156179009541118,"1:2:3:4","5",TRUE,716,26,443
"69A",0.178864952905744,0.870910698496905,0.157539637917463,"1:2:3:4","5",TRUE,727,26,444
"69A",0.130771062144748,0.863837312113174,0.157583342814882,"1:2:3:4","5",TRUE,724,26,445
"69A",0.290767829535721,0.890362511052166,0.14622854561879,"1:2:3:4","5",TRUE,719,26,446
"69A",0.126331063154939,0.875331564986737,0.145504461221688,"1:2:3:4","5",TRUE,718,26,447
"69A",0.118170004134851,0.85499557913351,0.163679404802164,"1:2:3:4","5",TRUE,723,26,448
"69A",0.100809242187172,0.877984084880637,0.138183934807916,"1:2:3:4","5",TRUE,712,26,449
"69A",0.176004816375847,0.872679045092838,0.155383406309644,"1:2:3:4","5",TRUE,725,26,450
"69A",0.139159978005711,0.870026525198939,0.1528611898017,"1:2:3:4","5",TRUE,722,26,451
"69A",0.067995981698032,0.843501326259947,0.160629004076878,"1:2:3:4","5",TRUE,717,26,452
"69A",0.234173072228352,0.884173297966401,0.149001175088132,"1:2:3:4","5",TRUE,704,26,453
"69A",0.0998849254928229,0.864721485411141,0.15067055393586,"1:2:3:4","5",TRUE,710,26,454
"69A",0.213075174745719,0.877984084880637,0.153837743275749,"1:2:3:4","5",TRUE,747,26,455
"69A",0.170813917216417,0.869142351900973,0.158328358208955,"1:2:3:4","5",TRUE,685,26,456
"69A",0.104833974254172,0.865605658709107,0.150939074667888,"1:2:3:4","5",TRUE,707,26,457
"69A",0.235796445317696,0.870026525198939,0.164721295855169,"1:2:3:4","5",TRUE,697,26,458
"69A",0.0737032686429667,0.852343059239611,0.155010087424344,"1:2:3:4","5",TRUE,721,26,459
"69A",0.100346019576532,0.860300618921309,0.154903758020165,"1:2:3:4","5",TRUE,722,26,460
"69A",0.0764695173075159,0.853227232537577,0.155086285195277,"1:2:3:4","5",TRUE,723,26,461
"69A",0.0919382747105659,0.846153846153846,0.165643461137496,"1:2:3:4","5",TRUE,712,26,462
"69A",0.039487500641136,0.833775419982317,0.155611659398669,"1:2:3:4","5",TRUE,721,26,463
"69A",0.121481025897885,0.875331564986737,0.144664213431463,"1:2:3:4","5",TRUE,707,26,464
"69A",0.18472541574736,0.86737400530504,0.161942843702223,"1:2:3:4","5",TRUE,695,26,465
"69A",0.123455132783221,0.866489832007073,0.15372205577322,"1:2:3:4","5",TRUE,715,26,466
"69A",0.0842349939980314,0.866489832007073,0.145307068366165,"1:2:3:4","5",TRUE,703,26,467
"69A",0.189028658728023,0.87709991158267,0.152253072371416,"1:2:3:4","5",TRUE,717,26,468
"69A",0.215046933148673,0.873563218390805,0.15884476534296,"1:2:3:4","5",TRUE,720,26,469
"69A",0.105804088533779,0.868258178603006,0.148587055606199,"1:2:3:4","5",TRUE,723,26,470
"69A",0.151188219252997,0.862953138815208,0.16179647527004,"1:2:3:4","5",TRUE,716,26,471
"69A",0.114421029390774,0.862068965517241,0.15625,"1:2:3:4","5",TRUE,720,26,472
"69A",0.112074020130978,0.861184792219275,0.156611039794608,"1:2:3:4","5",TRUE,693,26,473
"69A",0.0900524327178457,0.854111405835544,0.158051235132662,"1:2:3:4","5",TRUE,714,26,474
"69A",0.152587287173957,0.875331564986737,0.149510362104304,"1:2:3:4","5",TRUE,718,26,475
"69A",0.172792048111757,0.869142351900973,0.158631232361242,"1:2:3:4","5",TRUE,703,26,476
"69A",0.103872754921144,0.866489832007073,0.149883682286474,"1:2:3:4","5",TRUE,736,26,477
"69A",0.110281902704833,0.859416445623342,0.1579128835766,"1:2:3:4","5",TRUE,709,26,478
"69A",0.0844291951561699,0.854111405835544,0.156554650762702,"1:2:3:4","5",TRUE,707,26,479
"69A",0.162002214833789,0.873563218390805,0.15264465743699,"1:2:3:4","5",TRUE,704,26,480
"69A",0.0890215085445039,0.866489832007073,0.146528973034997,"1:2:3:4","5",TRUE,701,26,481
"69A",0.0958292633771311,0.862953138815208,0.151412561288816,"1:2:3:4","5",TRUE,701,26,482
"69A",0.0921502355427405,0.863837312113174,0.14970467969105,"1:2:3:4","5",TRUE,717,26,483
"69A",0.121761096623856,0.862953138815208,0.156799632141625,"1:2:3:4","5",TRUE,716,26,484
"69A",0.0994259501553776,0.857648099027409,0.157171808151317,"1:2:3:4","5",TRUE,719,26,485
"69A",0.191217727605009,0.878868258178603,0.150614754098361,"1:2:3:4","5",TRUE,713,26,486
"69A",0.11311113246098,0.855879752431477,0.161827154826122,"1:2:3:4","5",TRUE,720,26,487
"69A",0.166925333362481,0.875331564986737,0.151422164522601,"1:2:3:4","5",TRUE,695,26,488
"69A",0.265180969610064,0.880636604774536,0.155537459283388,"1:2:3:4","5",TRUE,702,26,489
"69A",0.0694199263239828,0.853227232537577,0.152864764555788,"1:2:3:4","5",TRUE,707,26,490
"69A",0.0603223216154253,0.844385499557913,0.157108378347316,"1:2:3:4","5",TRUE,725,26,491
"69A",0.124884819639692,0.866489832007073,0.153951263948987,"1:2:3:4","5",TRUE,713,26,492
"69A",0.0942969074160254,0.857648099027409,0.155912794538648,"1:2:3:4","5",TRUE,741,26,493
"69A",0.137884024649994,0.878868258178603,0.143735063161489,"1:2:3:4","5",TRUE,723,26,494
"69A",0.0566859393177145,0.843501326259947,0.156364468864469,"1:2:3:4","5",TRUE,706,26,495
"69A",0.0773550816526392,0.862068965517241,0.147487662628982,"1:2:3:4","5",TRUE,724,26,496
"69A",0.101274603150564,0.860300618921309,0.155101102941176,"1:2:3:4","5",TRUE,717,26,497
"69A",0.17845353383512,0.874447391688771,0.153793961325342,"1:2:3:4","5",TRUE,732,26,498
"69A",0.139159978005711,0.870910698496905,0.151973228709901,"1:2:3:4","5",TRUE,714,26,499
"69A",0.160147606419929,0.872679045092838,0.153268653268653,"1:2:3:4","5",TRUE,708,26,500
"69A",0.122323176647465,0.875331564986737,0.144784995425435,"1:2:3:4","5",TRUE,724,26,501
"69A",0.156141861241706,0.876215738284704,0.149100540779163,"1:2:3:4","5",TRUE,730,26,502
"69A",0.133202523099758,0.860300618921309,0.161461869201177,"1:2:3:4","5",TRUE,717,26,503
"69A",0.0752467329871576,0.859416445623342,0.149270738377393,"1:2:3:4","5",TRUE,715,26,504
"69A",0.134745090769739,0.865605658709107,0.156538817005545,"1:2:3:4","5",TRUE,713,26,505
"69A",0.100346019576532,0.863837312113174,0.151605847818579,"1:2:3:4","5",TRUE,709,26,506
"69A",0.142074210551226,0.868258178603006,0.155114776019612,"1:2:3:4","5",TRUE,734,26,507
"69A",0.176817299131726,0.862068965517241,0.16636197440585,"1:2:3:4","5",TRUE,723,26,508
"69A",0.145049471787972,0.875331564986737,0.148428405122235,"1:2:3:4","5",TRUE,711,26,509
"69A",0.123171165492993,0.876215738284704,0.144077580235511,"1:2:3:4","5",TRUE,712,26,510
"69A",0.13017016374011,0.869142351900973,0.152296535052377,"1:2:3:4","5",TRUE,705,26,511
"69A",0.0815626164570632,0.852343059239611,0.157344601356611,"1:2:3:4","5",TRUE,728,26,512
"69A",0.255588173305391,0.887709991158267,0.146773614270322,"1:2:3:4","5",TRUE,690,26,513
"69A",0.0808147714540611,0.851458885941645,0.157906976744186,"1:2:3:4","5",TRUE,704,26,514
"69A",0.0547613123461266,0.854111405835544,0.146844238563984,"1:2:3:4","5",TRUE,712,26,515
"69A",0.201618534209205,0.873563218390805,0.15743028591599,"1:2:3:4","5",TRUE,706,26,516
"69A",0.0828880359745871,0.861184792219275,0.149785357930154,"1:2:3:4","5",TRUE,708,26,517
"69A",0.161257807999091,0.875331564986737,0.150721292556261,"1:2:3:4","5",TRUE,704,26,518
"69A",0.0994259501553776,0.864721485411141,0.150597609561753,"1:2:3:4","5",TRUE,718,26,519
"69A",0.131374734448428,0.863837312113174,0.157685563997662,"1:2:3:4","5",TRUE,698,26,520
"69A",0.147746414990949,0.868258178603006,0.156015254824916,"1:2:3:4","5",TRUE,706,26,521
"69A",0.0949506079480757,0.853227232537577,0.160124682521358,"1:2:3:4","5",TRUE,713,26,522
"69A",0.237431072220991,0.876215738284704,0.158121597096189,"1:2:3:4","5",TRUE,718,26,523
"69A",0.183031674360743,0.879752431476569,0.148722627737226,"1:2:3:4","5",TRUE,723,26,524
"69A",0.20679096180054,0.87709991158267,0.154173373189239,"1:2:3:4","5",TRUE,714,26,525
"69A",0.0653855149107701,0.846153846153846,0.157481186365649,"1:2:3:4","5",TRUE,741,26,526
"69A",0.107523439997331,0.865605658709107,0.151487203135808,"1:2:3:4","5",TRUE,709,26,527
"69A",0.118715506767101,0.862068965517241,0.157085484796328,"1:2:3:4","5",TRUE,715,26,528
"69A",0.139802375667128,0.873563218390805,0.149434213445751,"1:2:3:4","5",TRUE,724,26,529
"69A",0.181353462834341,0.870910698496905,0.157888710785436,"1:2:3:4","5",TRUE,714,26,530
"69A",0.0613025793104874,0.848806366047745,0.153773361722262,"1:2:3:4","5",TRUE,697,26,531
"69A",0.505324502425889,0.894783377541998,0.151215540304757,"1:2:3:4","5",TRUE,703,26,532
"69A",0.107276118244045,0.851458885941645,0.164617726261562,"1:2:3:4","5",TRUE,711,26,533
"69A",0.147067514142375,0.886825817860301,0.13677130044843,"1:2:3:4","5",TRUE,730,26,534
"69A",0.117627008109614,0.865605658709107,0.15347831037231,"1:2:3:4","5",TRUE,722,26,535
"69A",0.0716944518365569,0.85499557913351,0.152045454545455,"1:2:3:4","5",TRUE,717,26,536
"69A",0.0757683707665573,0.847038019451813,0.160236357316649,"1:2:3:4","5",TRUE,710,26,537
"69A",0.131072550760276,0.868258178603006,0.153332565903074,"1:2:3:4","5",TRUE,712,26,538
"69A",0.05681662698733,0.860300618921309,0.142424595318505,"1:2:3:4","5",TRUE,707,26,539
"69A",0.0588134895176377,0.854111405835544,0.148377305626897,"1:2:3:4","5",TRUE,700,26,540
"69A",0.159411721587109,0.861184792219275,0.164839051998585,"1:2:3:4","5",TRUE,696,26,541
"69A",0.143059120762737,0.870910698496905,0.152598555700249,"1:2:3:4","5",TRUE,703,26,542
"69A",0.145719056842539,0.870910698496905,0.153012863913338,"1:2:3:4","5",TRUE,717,26,543
"69A",0.117898193517472,0.866489832007073,0.152680652680653,"1:2:3:4","5",TRUE,707,26,544
"69A",0.0967160497216136,0.864721485411141,0.149960357911428,"1:2:3:4","5",TRUE,720,26,545
"69A",0.0898452971802554,0.872679045092838,0.140900195694716,"1:2:3:4","5",TRUE,712,26,546
"69A",0.0913053130013901,0.870910698496905,0.142921960072595,"1:2:3:4","5",TRUE,714,26,547
"69A",0.20584074883292,0.879752431476569,0.151222795602423,"1:2:3:4","5",TRUE,729,26,548
"69A",0.177633532513537,0.872679045092838,0.155540340066187,"1:2:3:4","5",TRUE,711,26,549
"69A",0.16051682174439,0.869142351900973,0.156961741276787,"1:2:3:4","5",TRUE,724,26,550
"69A",0.151536778989067,0.871794871794872,0.152963671128107,"1:2:3:4","5",TRUE,716,26,551
"69A",0.154710201545619,0.870910698496905,0.154340836012862,"1:2:3:4","5",TRUE,703,26,552
"69A",0.0890215085445039,0.855879752431477,0.156222023276634,"1:2:3:4","5",TRUE,729,26,553
"69A",0.0844291951561699,0.854111405835544,0.156577415599534,"1:2:3:4","5",TRUE,706,26,554
"69A",0.148428449817579,0.858532272325376,0.16572077185017,"1:2:3:4","5",TRUE,718,26,555
"69A",0.143059120762737,0.871794871794872,0.151691815272062,"1:2:3:4","5",TRUE,713,26,556
"69A",0.0906767090042394,0.860300618921309,0.1526285384171,"1:2:3:4","5",TRUE,715,26,557
"69A",0.096050194762629,0.847038019451813,0.165908295414771,"1:2:3:4","5",TRUE,709,26,558
"69A",0.0797058410923374,0.860300618921309,0.149735566328779,"1:2:3:4","5",TRUE,740,26,559
"69A",0.133202523099758,0.869142351900973,0.152791935666553,"1:2:3:4","5",TRUE,724,26,560
"69A",0.231492248694552,0.880636604774536,0.15273132664437,"1:2:3:4","5",TRUE,735,26,561
"69A",0.103872754921144,0.870026525198939,0.146489386517378,"1:2:3:4","5",TRUE,708,26,562
"69A",0.099655173590351,0.865605658709107,0.149811853245532,"1:2:3:4","5",TRUE,701,26,563
"69A",0.0906767090042394,0.860300618921309,0.152598139323803,"1:2:3:4","5",TRUE,718,26,564
"69A",0.0930029768415917,0.855879752431477,0.15725036504549,"1:2:3:4","5",TRUE,729,26,565
"69A",0.239628215611031,0.884173297966401,0.149465787679018,"1:2:3:4","5",TRUE,725,26,566
"69A",0.0951695136208169,0.862068965517241,0.15205202960305,"1:2:3:4","5",TRUE,734,26,567
"69A",0.113895260058552,0.872679045092838,0.14589560818579,"1:2:3:4","5",TRUE,714,26,568
"69A",0.169637925287782,0.875331564986737,0.151809154206141,"1:2:3:4","5",TRUE,717,26,569
"69A",0.107276118244045,0.86737400530504,0.149757337647331,"1:2:3:4","5",TRUE,714,26,570
"69A",0.135055741384632,0.870910698496905,0.151318781264211,"1:2:3:4","5",TRUE,718,26,571
"69A",0.185578154995965,0.877984084880637,0.150898876404494,"1:2:3:4","5",TRUE,726,26,572
"69A",0.0646369786872222,0.846153846153846,0.157200570342205,"1:2:3:4","5",TRUE,701,26,573
"69A",0.120922815591579,0.872679045092838,0.147195467422096,"1:2:3:4","5",TRUE,727,26,574
"69A",0.173589699916603,0.865605658709107,0.162353487292561,"1:2:3:4","5",TRUE,705,26,575
"69A",0.086994931281829,0.87709991158267,0.136070110701107,"1:2:3:4","5",TRUE,705,26,576
"69A",0.0764695173075159,0.843501326259947,0.16347687400319,"1:2:3:4","5",TRUE,721,26,577
"69A",0.151536778989067,0.870910698496905,0.153872129671319,"1:2:3:4","5",TRUE,724,26,578
"69A",0.0886124510543722,0.852343059239611,0.159278472058477,"1:2:3:4","5",TRUE,699,26,579
"69A",0.0683098683503195,0.857648099027409,0.148678542321574,"1:2:3:4","5",TRUE,717,26,580
"69A",0.0737032686429667,0.852343059239611,0.154972752043597,"1:2:3:4","5",TRUE,720,26,581
"69A",0.0643399691138755,0.852343059239611,0.151904543368518,"1:2:3:4","5",TRUE,720,26,582
"69A",0.202083359467536,0.874447391688771,0.156542589632336,"1:2:3:4","5",TRUE,715,26,583
"69A",0.0730274857469072,0.863837312113174,0.144676979071884,"1:2:3:4","5",TRUE,725,26,584
"69A",0.094732205794705,0.865605658709107,0.148687378195575,"1:2:3:4","5",TRUE,705,26,585
"69A",0.0976110422235168,0.869142351900973,0.146002317497103,"1:2:3:4","5",TRUE,716,26,586
"69A",0.109522651763406,0.862068965517241,0.155237985478852,"1:2:3:4","5",TRUE,714,26,587
"69A",0.205367280955588,0.885057471264368,0.145348837209302,"1:2:3:4","5",TRUE,720,26,588
"69A",0.159779240351979,0.87709991158267,0.148658109684947,"1:2:3:4","5",TRUE,704,26,589
"69A",0.0502886696714112,0.852343059239611,0.146477563357359,"1:2:3:4","5",TRUE,710,26,590
"69A",0.0940800088823464,0.853227232537577,0.159907030796049,"1:2:3:4","5",TRUE,706,26,591
"69A",0.271984061246891,0.882404951370469,0.154065783462768,"1:2:3:4","5",TRUE,720,26,592
"69A",0.0938636092512845,0.857648099027409,0.155847199437544,"1:2:3:4","5",TRUE,697,26,593
"69A",0.126331063154939,0.869142351900973,0.15162414296954,"1:2:3:4","5",TRUE,724,26,594
"69A",0.0743853051094176,0.851458885941645,0.15596123506874,"1:2:3:4","5",TRUE,724,26,595
"69A",0.100115207081158,0.85499557913351,0.159746251441753,"1:2:3:4","5",TRUE,710,26,596
"69A",0.118989201674751,0.86737400530504,0.152035990310301,"1:2:3:4","5",TRUE,718,26,597
"69A",0.067062949193906,0.859416445623342,0.146711054987946,"1:2:3:4","5",TRUE,719,26,598
"69A",0.145719056842539,0.871794871794872,0.152110710547738,"1:2:3:4","5",TRUE,712,26,599
"69A",0.0761181367329465,0.844385499557913,0.162608288457036,"1:2:3:4","5",TRUE,709,26,600
"69A",0.127794055065319,0.877984084880637,0.143036529680365,"1:2:3:4","5",TRUE,705,26,601
"69A",0.177224945914144,0.885057471264368,0.14237603065846,"1:2:3:4","5",TRUE,710,26,602
"69A",0.249769701015962,0.881520778072502,0.153324131585001,"1:2:3:4","5",TRUE,715,26,603
"69A",0.108268831674112,0.858532272325376,0.158334286694886,"1:2:3:4","5",TRUE,709,26,604
"69A",0.116012944760742,0.852343059239611,0.165735567970205,"1:2:3:4","5",TRUE,714,26,605
"69A",0.229369703723094,0.878868258178603,0.15445295529896,"1:2:3:4","5",TRUE,711,26,606
"69A",0.278320024804897,0.881520778072502,0.155555555555556,"1:2:3:4","5",TRUE,703,26,607
"69A",0.101508088597507,0.866489832007073,0.149352841868317,"1:2:3:4","5",TRUE,733,26,608
"69A",0.0991972539723395,0.865605658709107,0.149714029382079,"1:2:3:4","5",TRUE,730,26,609
"69A",0.131374734448428,0.873563218390805,0.148089710357264,"1:2:3:4","5",TRUE,722,26,610
"69A",0.238527114112694,0.873563218390805,0.161131470453504,"1:2:3:4","5",TRUE,724,26,611
"69A",0.218038835248895,0.880636604774536,0.151455863735758,"1:2:3:4","5",TRUE,708,26,612
"69A",0.272611112038758,0.886825817860301,0.149089659910684,"1:2:3:4","5",TRUE,726,26,613
"69A",0.103872754921144,0.863837312113174,0.152387480009139,"1:2:3:4","5",TRUE,712,26,614
"69A",0.186005999659031,0.86737400530504,0.16210019488708,"1:2:3:4","5",TRUE,719,26,615
"69A",0.141096081089656,0.880636604774536,0.142379525017293,"1:2:3:4","5",TRUE,707,26,616
"69A",0.156141861241706,0.874447391688771,0.150917743031951,"1:2:3:4","5",TRUE,724,26,617
"69A",0.108019795396288,0.864721485411141,0.152411282984531,"1:2:3:4","5",TRUE,722,26,618
"69A",0.128976637701815,0.870026525198939,0.151204333294918,"1:2:3:4","5",TRUE,710,26,619
"69A",0.153291668691168,0.868258178603006,0.156811163216287,"1:2:3:4","5",TRUE,727,26,620
"69A",0.216537716870719,0.87709991158267,0.155176389209131,"1:2:3:4","5",TRUE,719,26,621
"69A",0.0865951859975022,0.870026525198939,0.142643161654569,"1:2:3:4","5",TRUE,705,26,622
"69A",0.209185729141988,0.87709991158267,0.154412597711567,"1:2:3:4","5",TRUE,720,26,623
"69A",0.106783180072164,0.857648099027409,0.158789527371642,"1:2:3:4","5",TRUE,729,26,624
"69A",0.223632517852766,0.885057471264368,0.147092490842491,"1:2:3:4","5",TRUE,713,26,625
"69A",0.189464458420099,0.869142351900973,0.160710194730813,"1:2:3:4","5",TRUE,726,26,626
"69A",0.213566412932394,0.876215738284704,0.155802861685215,"1:2:3:4","5",TRUE,730,26,627
"69A",0.134435154702807,0.872679045092838,0.149452804377565,"1:2:3:4","5",TRUE,725,26,628
"69A",0.112332403297803,0.872679045092838,0.14558942853831,"1:2:3:4","5",TRUE,709,26,629
"69A",0.102683615097067,0.868258178603006,0.147919703936301,"1:2:3:4","5",TRUE,731,26,630
"69A",0.0844291951561699,0.855879752431477,0.154983632464161,"1:2:3:4","5",TRUE,718,26,631
"69A",0.104592838718357,0.858532272325376,0.157517623945452,"1:2:3:4","5",TRUE,707,26,632
"69A",0.101976675612714,0.862068965517241,0.153619576299989,"1:2:3:4","5",TRUE,730,26,633
"69A",0.0863960027010271,0.865605658709107,0.146683101748095,"1:2:3:4","5",TRUE,725,26,634
"69A",0.118442441403153,0.862068965517241,0.157059696381692,"1:2:3:4","5",TRUE,715,26,635
"69A",0.210635880861537,0.877984084880637,0.153621495327103,"1:2:3:4","5",TRUE,711,26,636
"69A",0.20822451212002,0.876215738284704,0.155297040885475,"1:2:3:4","5",TRUE,723,26,637
"69A",0.114421029390774,0.862953138815208,0.155401434113083,"1:2:3:4","5",TRUE,689,26,638
"69A",0.0828880359745871,0.850574712643678,0.159287011807448,"1:2:3:4","5",TRUE,720,26,639
"69A",0.114157842037371,0.866489832007073,0.151947031758501,"1:2:3:4","5",TRUE,718,26,640
"69A",0.155424382972597,0.872679045092838,0.152620876638048,"1:2:3:4","5",TRUE,721,26,641
"69A",0.0900524327178457,0.851458885941645,0.160429583702391,"1:2:3:4","5",TRUE,732,26,642
"69A",0.0483580129079601,0.847038019451813,0.149885844748858,"1:2:3:4","5",TRUE,718,26,643
"69A",0.0615855675241411,0.842617152961981,0.159026276874076,"1:2:3:4","5",TRUE,717,26,644
"69A",0.297541367526635,0.891246684350133,0.145644763136241,"1:2:3:4","5",TRUE,702,26,645
"69A",0.0923626850440198,0.864721485411141,0.148931332423829,"1:2:3:4","5",TRUE,723,26,646
"69A",0.0754202119891575,0.856763925729443,0.151625784369652,"1:2:3:4","5",TRUE,718,26,647
"69A",0.253828541340034,0.878868258178603,0.156606851549755,"1:2:3:4","5",TRUE,702,26,648
"69A",0.137884024649994,0.863837312113174,0.158805212778226,"1:2:3:4","5",TRUE,714,26,649
"69A",0.0755940909415997,0.840848806366048,0.165435415267517,"1:2:3:4","5",TRUE,725,26,650
"69A",0.0694199263239828,0.842617152961981,0.161860779454832,"1:2:3:4","5",TRUE,723,26,651
"69A",0.145719056842539,0.881520778072502,0.142145203307283,"1:2:3:4","5",TRUE,722,26,652
"69A",0.107276118244045,0.863837312113174,0.153131172301615,"1:2:3:4","5",TRUE,716,26,653
"69A",0.118170004134851,0.864721485411141,0.154416799817393,"1:2:3:4","5",TRUE,718,26,654
"69A",0.0750736530156476,0.865605658709107,0.143663880731873,"1:2:3:4","5",TRUE,721,26,655
"69A",0.156501841445275,0.868258178603006,0.157303370786517,"1:2:3:4","5",TRUE,699,26,656
"69A",0.31809017497638,0.893015030946065,0.144851657940663,"1:2:3:4","5",TRUE,721,26,657
"69A",0.117627008109614,0.870026525198939,0.14919216225507,"1:2:3:4","5",TRUE,710,26,658
"69A",0.117086507173428,0.857648099027409,0.160941765241128,"1:2:3:4","5",TRUE,717,26,659
"69A",0.197482925840228,0.878868258178603,0.151268014746956,"1:2:3:4","5",TRUE,731,26,660
"69A",0.0738731892359379,0.858532272325376,0.149600751526538,"1:2:3:4","5",TRUE,701,26,661
"69A",0.103395455343595,0.85499557913351,0.160520857340401,"1:2:3:4","5",TRUE,713,26,662
"69A",0.114421029390774,0.85499557913351,0.162909006821598,"1:2:3:4","5",TRUE,712,26,663
"69A",0.0621554690174115,0.853227232537577,0.150365934797073,"1:2:3:4","5",TRUE,737,26,664
"69A",0.0865951859975022,0.865605658709107,0.146709577183442,"1:2:3:4","5",TRUE,731,26,665
"69A",0.117356446473192,0.862068965517241,0.156835369400814,"1:2:3:4","5",TRUE,713,26,666
"69A",0.158679218175336,0.885057471264368,0.140141973895123,"1:2:3:4","5",TRUE,719,26,667
"69A",0.110281902704833,0.862953138815208,0.154573768600761,"1:2:3:4","5",TRUE,707,26,668
"69A",0.0761181367329465,0.860300618921309,0.148699294532628,"1:2:3:4","5",TRUE,733,26,669
"69A",0.0589490821880517,0.857648099027409,0.145456666277849,"1:2:3:4","5",TRUE,700,26,670
"69A",0.220563859927319,0.873563218390805,0.159372135655362,"1:2:3:4","5",TRUE,710,26,671
"69A",0.0898452971802554,0.857648099027409,0.15480018373909,"1:2:3:4","5",TRUE,717,26,672
"69A",0.10927073149133,0.857648099027409,0.159343098091434,"1:2:3:4","5",TRUE,729,26,673
"69A",0.083655066585414,0.863837312113174,0.147570827170327,"1:2:3:4","5",TRUE,722,26,674
"69A",0.15364507786448,0.874447391688771,0.150562052912456,"1:2:3:4","5",TRUE,718,26,675
"69A",0.0707106693797334,0.847922192749779,0.157844990548204,"1:2:3:4","5",TRUE,693,26,676
"69A",0.152236311094752,0.864721485411141,0.160239127886531,"1:2:3:4","5",TRUE,704,26,677
"69A",0.135367108194852,0.865605658709107,0.156633413599358,"1:2:3:4","5",TRUE,716,26,678
"69A",0.0700623255299209,0.857648099027409,0.14921681780709,"1:2:3:4","5",TRUE,698,26,679
"69A",0.275133805034517,0.881520778072502,0.155342053478412,"1:2:3:4","5",TRUE,715,26,680
"69A",0.109775152829831,0.865605658709107,0.151963048498845,"1:2:3:4","5",TRUE,710,26,681
"69A",0.310133838861617,0.885057471264368,0.153693777674202,"1:2:3:4","5",TRUE,707,26,682
"69A",0.118715506767101,0.866489832007073,0.152829973807083,"1:2:3:4","5",TRUE,733,26,683
"69A",0.225182819977301,0.874447391688771,0.15887323943662,"1:2:3:4","5",TRUE,719,26,684
"69A",0.0942969074160254,0.861184792219275,0.152677857713829,"1:2:3:4","5",TRUE,720,26,685
"69A",0.0643399691138755,0.846153846153846,0.157095933854344,"1:2:3:4","5",TRUE,729,26,686
"69A",0.105075665720463,0.870026525198939,0.146735990756788,"1:2:3:4","5",TRUE,715,26,687
"69A",0.0735337388955544,0.84526967285588,0.161004086398132,"1:2:3:4","5",TRUE,706,26,688
"69A",0.0547613123461266,0.847038019451813,0.152663934426229,"1:2:3:4","5",TRUE,722,26,689
"69A",0.180104909952943,0.888594164456233,0.138873334079964,"1:2:3:4","5",TRUE,729,26,690
"69A",0.272611112038758,0.891246684350133,0.143953708077468,"1:2:3:4","5",TRUE,705,26,691
"69A",0.24408368641949,0.880636604774536,0.153837572512271,"1:2:3:4","5",TRUE,736,26,692
"69A",0.168470029637475,0.879752431476569,0.147001934235977,"1:2:3:4","5",TRUE,721,26,693
"69A",0.117086507173428,0.860300618921309,0.158449074074074,"1:2:3:4","5",TRUE,716,26,694
"69A",0.114421029390774,0.872679045092838,0.146011560693642,"1:2:3:4","5",TRUE,717,26,695
"69A",0.103872754921144,0.85499557913351,0.160628844839371,"1:2:3:4","5",TRUE,723,26,696
"69A",0.10363383034929,0.847922192749779,0.167023554603854,"1:2:3:4","5",TRUE,716,26,697
"69A",0.129273989327614,0.870026525198939,0.151265315470056,"1:2:3:4","5",TRUE,704,26,698
"69A",0.0759430523882298,0.859416445623342,0.149455892567724,"1:2:3:4","5",TRUE,711,26,699
"69A",0.0875980118538538,0.862068965517241,0.150211069418386,"1:2:3:4","5",TRUE,701,26,700
"69A",0.0919382747105659,0.860300618921309,0.152914285714286,"1:2:3:4","5",TRUE,717,26,701
"69A",0.155066881102297,0.866489832007073,0.158887317303159,"1:2:3:4","5",TRUE,701,26,702
"69A",0.131677614811673,0.863837312113174,0.157751586582049,"1:2:3:4","5",TRUE,722,26,703
"69A",0.120367170284571,0.862068965517241,0.157430167597765,"1:2:3:4","5",TRUE,723,26,704
"69A",0.158679218175336,0.875331564986737,0.150325278810409,"1:2:3:4","5",TRUE,718,26,705
"69A",0.107771331943224,0.863837312113174,0.153219418354645,"1:2:3:4","5",TRUE,727,26,706
"69A",0.117086507173428,0.856763925729443,0.161810434181734,"1:2:3:4","5",TRUE,714,26,707
"69A",0.113371906658017,0.869142351900973,0.149238463287111,"1:2:3:4","5",TRUE,719,26,708
"69A",0.0700623255299209,0.858532272325376,0.148461984910041,"1:2:3:4","5",TRUE,713,26,709
"69A",0.0880023864360158,0.853227232537577,0.15834206543253,"1:2:3:4","5",TRUE,706,26,710
"69A",0.171207723388593,0.875331564986737,0.151997172145634,"1:2:3:4","5",TRUE,698,26,711
"69A",0.0644883029110715,0.856763925729443,0.148178517043458,"1:2:3:4","5",TRUE,698,26,712
"69A",0.117086507173428,0.871794871794872,0.147372037100653,"1:2:3:4","5",TRUE,723,26,713
"69A",0.144715833934899,0.871794871794872,0.151959114139693,"1:2:3:4","5",TRUE,717,26,714
"69A",0.0969390255654413,0.863837312113174,0.150863547981242,"1:2:3:4","5",TRUE,726,26,715
"69A",0.0913053130013901,0.851458885941645,0.160763569457222,"1:2:3:4","5",TRUE,718,26,716
"69A",0.102683615097067,0.860300618921309,0.15543405489846,"1:2:3:4","5",TRUE,726,26,717
"69A",0.128976637701815,0.873563218390805,0.147686025408348,"1:2:3:4","5",TRUE,715,26,718
"69A",0.106783180072164,0.856763925729443,0.159655289715387,"1:2:3:4","5",TRUE,715,26,719
"69A",0.16808252061519,0.873563218390805,0.153436649710162,"1:2:3:4","5",TRUE,701,26,720
"69A",0.109522651763406,0.862068965517241,0.155250086635093,"1:2:3:4","5",TRUE,706,26,721
"69A",0.119814078190583,0.86737400530504,0.152181460479111,"1:2:3:4","5",TRUE,714,26,722
"69A",0.155424382972597,0.874447391688771,0.150811541929666,"1:2:3:4","5",TRUE,719,26,723
"69A",0.20069208875893,0.874447391688771,0.156397558447541,"1:2:3:4","5",TRUE,708,26,724
"69A",0.0892267448630224,0.866489832007073,0.146543778801843,"1:2:3:4","5",TRUE,719,26,725
"69A",0.114684823514433,0.856763925729443,0.161290322580645,"1:2:3:4","5",TRUE,713,26,726
"69A",0.0875980118538538,0.863837312113174,0.148579413134606,"1:2:3:4","5",TRUE,698,26,727
"69A",0.181771567601057,0.879752431476569,0.148582713754647,"1:2:3:4","5",TRUE,708,26,728
"69A",0.0798896004293523,0.849690539345712,0.159169153086986,"1:2:3:4","5",TRUE,718,26,729
"69A",0.186005999659031,0.875331564986737,0.153758020164986,"1:2:3:4","5",TRUE,724,26,730
"69A",0.170813917216417,0.869142351900973,0.158355407117356,"1:2:3:4","5",TRUE,710,26,731
"69A",0.214058783653426,0.881520778072502,0.150087260034904,"1:2:3:4","5",TRUE,709,26,732
"69A",0.110281902704833,0.860300618921309,0.157053112507139,"1:2:3:4","5",TRUE,718,26,733
"69A",0.0991972539723395,0.860300618921309,0.154630715123095,"1:2:3:4","5",TRUE,704,26,734
"69A",0.0927890545629348,0.85499557913351,0.15796178343949,"1:2:3:4","5",TRUE,710,26,735
"69A",0.115746095737843,0.868258178603006,0.150584795321637,"1:2:3:4","5",TRUE,715,26,736
"69A",0.133817419642288,0.87709991158267,0.144922547332186,"1:2:3:4","5",TRUE,717,26,737
"69A",0.183876594870646,0.872679045092838,0.156341491977983,"1:2:3:4","5",TRUE,703,26,738
"69A",0.0942969074160254,0.852343059239611,0.160732224578636,"1:2:3:4","5",TRUE,737,26,739
"69A",0.139159978005711,0.870910698496905,0.152007320141828,"1:2:3:4","5",TRUE,719,26,740
"69A",0.142074210551226,0.865605658709107,0.157770003385622,"1:2:3:4","5",TRUE,720,26,741
"69A",0.205367280955588,0.880636604774536,0.150200343445907,"1:2:3:4","5",TRUE,716,26,742
"69A",0.0858011975264928,0.864721485411141,0.147315282239559,"1:2:3:4","5",TRUE,714,26,743
"69A",0.0882052732002179,0.861184792219275,0.151182151182151,"1:2:3:4","5",TRUE,733,26,744
"69A",0.133817419642288,0.876215738284704,0.145814272644099,"1:2:3:4","5",TRUE,715,26,745
"69A",0.0930029768415917,0.861184792219275,0.152353942144073,"1:2:3:4","5",TRUE,723,26,746
"69A",0.183453648191924,0.859416445623342,0.169924982950671,"1:2:3:4","5",TRUE,718,26,747
"69A",0.152939072417595,0.870910698496905,0.154060648309516,"1:2:3:4","5",TRUE,705,26,748
"69A",0.0873965218915109,0.85499557913351,0.156575212866604,"1:2:3:4","5",TRUE,703,26,749
"69A",0.111046417050523,0.854111405835544,0.162997604653815,"1:2:3:4","5",TRUE,717,26,750
"69A",0.0780709113237485,0.850574712643678,0.157859230942208,"1:2:3:4","5",TRUE,734,26,751
"69A",0.106048016568363,0.86737400530504,0.149478425794215,"1:2:3:4","5",TRUE,700,26,752
"69A",0.129572026488336,0.869142351900973,0.152194102623636,"1:2:3:4","5",TRUE,713,26,753
"69A",0.120644673051078,0.86737400530504,0.152352082631638,"1:2:3:4","5",TRUE,725,26,754
"69A",0.16808252061519,0.869142351900973,0.157975460122699,"1:2:3:4","5",TRUE,701,26,755
"69A",0.0821280382427234,0.859416445623342,0.151176067595341,"1:2:3:4","5",TRUE,722,26,756
"69A",0.228315740508458,0.881520778072502,0.151429246397354,"1:2:3:4","5",TRUE,705,26,757
"69A",0.144715833934899,0.870910698496905,0.152840396753832,"1:2:3:4","5",TRUE,730,26,758
"69A",0.118442441403153,0.868258178603006,0.151054660920844,"1:2:3:4","5",TRUE,719,26,759
"69A",0.0923626850440198,0.862068965517241,0.151414118188089,"1:2:3:4","5",TRUE,716,26,760
"69A",0.121761096623856,0.865605658709107,0.154285048905449,"1:2:3:4","5",TRUE,705,26,761
"69A",0.141747416292681,0.861184792219275,0.162056247118488,"1:2:3:4","5",TRUE,712,26,762
"69A",0.20726771192977,0.880636604774536,0.150410209662717,"1:2:3:4","5",TRUE,712,26,763
"69A",0.084623844039037,0.861184792219275,0.150269155881342,"1:2:3:4","5",TRUE,718,26,764
"69A",0.112850958087866,0.858532272325376,0.159247575651361,"1:2:3:4","5",TRUE,706,26,765
"69A",0.129273989327614,0.869142351900973,0.152139816267085,"1:2:3:4","5",TRUE,732,26,766
"69A",0.0752467329871576,0.859416445623342,0.149233543733093,"1:2:3:4","5",TRUE,734,26,767
"69A",0.0930029768415917,0.857648099027409,0.155616942909761,"1:2:3:4","5",TRUE,715,26,768
"69A",0.132590452032111,0.871794871794872,0.150040457750549,"1:2:3:4","5",TRUE,717,26,769
"69A",0.15364507786448,0.869142351900973,0.155990442598703,"1:2:3:4","5",TRUE,713,26,770
"69A",0.110536154200684,0.864721485411141,0.152924758692871,"1:2:3:4","5",TRUE,700,26,771
"69A",0.121481025897885,0.862068965517241,0.157618213660245,"1:2:3:4","5",TRUE,706,26,772
"69A",0.119263527577496,0.862953138815208,0.156360323425578,"1:2:3:4","5",TRUE,715,26,773
"69A",0.102920348977219,0.863837312113174,0.152196003161341,"1:2:3:4","5",TRUE,722,26,774
"69A",0.0743853051094176,0.848806366047745,0.158242004025945,"1:2:3:4","5",TRUE,724,26,775
"69A",0.148770646991072,0.870910698496905,0.153487313687564,"1:2:3:4","5",TRUE,716,26,776
"69A",0.119814078190583,0.862068965517241,0.15731843575419,"1:2:3:4","5",TRUE,734,26,777
"69A",0.17845353383512,0.870026525198939,0.158412363891816,"1:2:3:4","5",TRUE,707,26,778
"69A",0.181771567601057,0.875331564986737,0.153269519086611,"1:2:3:4","5",TRUE,708,26,779
"69A",0.145383878832736,0.858532272325376,0.165237020316027,"1:2:3:4","5",TRUE,730,26,780
"69A",0.171207723388593,0.870910698496905,0.156593718108629,"1:2:3:4","5",TRUE,716,26,781
"69A",0.0936477073752813,0.864721485411141,0.149252052637499,"1:2:3:4","5",TRUE,737,26,782
"69A",0.111302431110414,0.858532272325376,0.158949394316767,"1:2:3:4","5",TRUE,722,26,783
"69A",0.164634804453273,0.866489832007073,0.160212862318841,"1:2:3:4","5",TRUE,719,26,784
"69A",0.126331063154939,0.871794871794872,0.149009956370959,"1:2:3:4","5",TRUE,738,26,785
"69A",0.152587287173957,0.880636604774536,0.143994540491356,"1:2:3:4","5",TRUE,721,26,786
"69A",0.128679970034094,0.878868258178603,0.142317812607253,"1:2:3:4","5",TRUE,718,26,787
"69A",0.17398990556944,0.869142351900973,0.158758917449892,"1:2:3:4","5",TRUE,716,26,788
"69A",0.0572105005544351,0.842617152961981,0.157294307444112,"1:2:3:4","5",TRUE,718,26,789
"69A",0.0715295427011208,0.861184792219275,0.146582423894314,"1:2:3:4","5",TRUE,714,26,790
"69A",0.173589699916603,0.876215738284704,0.151337696635664,"1:2:3:4","5",TRUE,711,26,791
"69A",0.186434830704658,0.876215738284704,0.152911216575993,"1:2:3:4","5",TRUE,724,26,792
"69A",0.137884024649994,0.871794871794872,0.150903294367694,"1:2:3:4","5",TRUE,699,26,793
"69A",0.19612332745026,0.868258178603006,0.162376465180418,"1:2:3:4","5",TRUE,723,26,794
"69A",0.099655173590351,0.866489832007073,0.148940964398378,"1:2:3:4","5",TRUE,722,26,795
"69A",0.0896386380887712,0.862068965517241,0.150728963379635,"1:2:3:4","5",TRUE,715,26,796
"69A",0.11181623128831,0.863837312113174,0.154035874439462,"1:2:3:4","5",TRUE,729,26,797
"69A",0.0684673546267028,0.852343059239611,0.153313992412408,"1:2:3:4","5",TRUE,731,26,798
"69A",0.0858011975264928,0.872679045092838,0.139966082532504,"1:2:3:4","5",TRUE,723,26,799
"69A",0.164634804453273,0.870910698496905,0.155702253585249,"1:2:3:4","5",TRUE,718,26,800
"69A",0.137566868514296,0.872679045092838,0.149953358208955,"1:2:3:4","5",TRUE,701,26,801
"69A",0.16051682174439,0.872679045092838,0.1533594109526,"1:2:3:4","5",TRUE,725,26,802
"69A",0.119814078190583,0.882404951370469,0.137263933671119,"1:2:3:4","5",TRUE,713,26,803
"69A",0.118442441403153,0.860300618921309,0.158748418267572,"1:2:3:4","5",TRUE,715,26,804
"69A",0.0985143168211089,0.858532272325376,0.156117174037909,"1:2:3:4","5",TRUE,713,26,805
"69A",0.100577364202932,0.862953138815208,0.152508751458576,"1:2:3:4","5",TRUE,705,26,806
"69A",0.140124685695022,0.864721485411141,0.158313169720014,"1:2:3:4","5",TRUE,714,26,807
"69A",0.233097037338039,0.882404951370469,0.150893975629199,"1:2:3:4","5",TRUE,713,26,808
"69A",0.0838479307389441,0.859416445623342,0.151650108484641,"1:2:3:4","5",TRUE,710,26,809
"69A",0.205367280955588,0.863837312113174,0.16807710390221,"1:2:3:4","5",TRUE,705,26,810
"69A",0.0631655159645922,0.837312113174182,0.16396437542818,"1:2:3:4","5",TRUE,720,26,811
"69A",0.133817419642288,0.863837312113174,0.158149482215218,"1:2:3:4","5",TRUE,721,26,812
"69A",0.167695902927956,0.871794871794872,0.155233827415834,"1:2:3:4","5",TRUE,711,26,813
"69A",0.0884086277135429,0.865605658709107,0.147166781371874,"1:2:3:4","5",TRUE,710,26,814
"69A",0.20069208875893,0.885057471264368,0.144885371814267,"1:2:3:4","5",TRUE,718,26,815
"69A",0.0752467329871576,0.855879752431477,0.152361718837653,"1:2:3:4","5",TRUE,730,26,816
"69A",0.0927890545629348,0.858532272325376,0.154750922509225,"1:2:3:4","5",TRUE,719,26,817
"69A",0.106783180072164,0.857648099027409,0.158805031446541,"1:2:3:4","5",TRUE,718,26,818
"69A",0.231492248694552,0.888594164456233,0.143811168681635,"1:2:3:4","5",TRUE,709,26,819
"69A",0.0782509013810442,0.85499557913351,0.154066110030882,"1:2:3:4","5",TRUE,716,26,820
"69A",0.180936319777964,0.883289124668435,0.14470132613543,"1:2:3:4","5",TRUE,701,26,821
"69A",0.152939072417595,0.875331564986737,0.149546654424423,"1:2:3:4","5",TRUE,717,26,822
"69A",0.385086732361089,0.887709991158267,0.154882542607093,"1:2:3:4","5",TRUE,715,26,823
"69A",0.074900971156791,0.847922192749779,0.159201670921327,"1:2:3:4","5",TRUE,713,26,824
"69A",0.0780709113237485,0.852343059239611,0.156294904388195,"1:2:3:4","5",TRUE,734,26,825
"69A",0.117086507173428,0.872679045092838,0.146514285714286,"1:2:3:4","5",TRUE,711,26,826
"69A",0.138520532187947,0.871794871794872,0.150994883456509,"1:2:3:4","5",TRUE,721,26,827
"69A",0.209668000332823,0.874447391688771,0.157316367842684,"1:2:3:4","5",TRUE,709,26,828
"69A",0.136619770469495,0.860300618921309,0.162029646522235,"1:2:3:4","5",TRUE,729,26,829
"69A",0.107523439997331,0.853227232537577,0.163068709377902,"1:2:3:4","5",TRUE,706,26,830
"69A",0.0945143060025261,0.857648099027409,0.15599730458221,"1:2:3:4","5",TRUE,731,26,831
"69A",0.0906767090042394,0.863837312113174,0.149366802351877,"1:2:3:4","5",TRUE,722,26,832
"69A",0.183876594870646,0.874447391688771,0.154440599769319,"1:2:3:4","5",TRUE,718,26,833
"69A",0.430093972605396,0.882404951370469,0.163442136498516,"1:2:3:4","5",TRUE,690,26,834
"69A",0.0721914639082662,0.846153846153846,0.159822039698836,"1:2:3:4","5",TRUE,726,26,835
"69A",0.233634435306047,0.879752431476569,0.153863845446182,"1:2:3:4","5",TRUE,711,26,836
"69A",0.192100437007492,0.868258178603006,0.161903677558921,"1:2:3:4","5",TRUE,718,26,837
"69A",0.13017016374011,0.86737400530504,0.154043945769051,"1:2:3:4","5",TRUE,698,26,838
"69A",0.0737032686429667,0.870910698496905,0.138447467703213,"1:2:3:4","5",TRUE,712,26,839
"69A",0.061020891439305,0.846153846153846,0.155872541125043,"1:2:3:4","5",TRUE,722,26,840
"69A",0.0702238520418134,0.860300618921309,0.146970397779833,"1:2:3:4","5",TRUE,715,26,841
"69A",0.0890215085445039,0.863837312113174,0.148943460879497,"1:2:3:4","5",TRUE,716,26,842
"69A",0.129572026488336,0.862068965517241,0.159112040911204,"1:2:3:4","5",TRUE,702,26,843
"69A",0.129870750764461,0.866489832007073,0.154868764913078,"1:2:3:4","5",TRUE,718,26,844
"69A",0.0819391301273151,0.847038019451813,0.162085976039464,"1:2:3:4","5",TRUE,700,26,845
"69A",0.148087039754366,0.882404951370469,0.141551441293649,"1:2:3:4","5",TRUE,700,26,846
"69A",0.0921502355427405,0.846153846153846,0.165726780987455,"1:2:3:4","5",TRUE,708,26,847
"69A",0.151886142318765,0.880636604774536,0.143935926773455,"1:2:3:4","5",TRUE,711,26,848
"69A",0.0834626460514387,0.844385499557913,0.164817568340387,"1:2:3:4","5",TRUE,716,26,849
"69A",0.163125273234453,0.870910698496905,0.155505364201016,"1:2:3:4","5",TRUE,726,26,850
"69A",0.199310396445051,0.865605658709107,0.16552860842948,"1:2:3:4","5",TRUE,708,26,851
"69A",0.137250441890335,0.870026525198939,0.152575652575653,"1:2:3:4","5",TRUE,710,26,852
"69A",0.156862651572005,0.873563218390805,0.151943869335174,"1:2:3:4","5",TRUE,713,26,853
"69A",0.0752467329871576,0.857648099027409,0.150809135774131,"1:2:3:4","5",TRUE,721,26,854
"69A",0.206315308275714,0.879752431476569,0.151257608820489,"1:2:3:4","5",TRUE,714,26,855
"69A",0.0675278540011815,0.851458885941645,0.153730826894245,"1:2:3:4","5",TRUE,707,26,856
"69A",0.0888167443035728,0.852343059239611,0.159307942927761,"1:2:3:4","5",TRUE,722,26,857
"69A",0.129870750764461,0.866489832007073,0.154857725881419,"1:2:3:4","5",TRUE,720,26,858
"69A",0.166925333362481,0.872679045092838,0.154187024201795,"1:2:3:4","5",TRUE,720,26,859
"69A",0.109019390677682,0.868258178603006,0.14926410939854,"1:2:3:4","5",TRUE,711,26,860
"69A",0.194325078978388,0.873563218390805,0.156611616672284,"1:2:3:4","5",TRUE,728,26,861
"69A",0.0953889239737762,0.862953138815208,0.151283830673144,"1:2:3:4","5",TRUE,714,26,862
"69A",0.124597563832467,0.864721485411141,0.155645981688708,"1:2:3:4","5",TRUE,735,26,863
"69A",0.11181623128831,0.869142351900973,0.148953777042204,"1:2:3:4","5",TRUE,694,26,864
"69A",0.17002902024715,0.876215738284704,0.150904977375566,"1:2:3:4","5",TRUE,733,26,865
"69A",0.151886142318765,0.872679045092838,0.152103183825238,"1:2:3:4","5",TRUE,704,26,866
"69A",0.123171165492993,0.873563218390805,0.146682188591385,"1:2:3:4","5",TRUE,705,26,867
"69A",0.10927073149133,0.858532272325376,0.158514816137094,"1:2:3:4","5",TRUE,701,26,868
"69A",0.126331063154939,0.863837312113174,0.156800363595046,"1:2:3:4","5",TRUE,724,26,869
"69A",0.108768627989609,0.868258178603006,0.149183045228511,"1:2:3:4","5",TRUE,691,26,870
"69A",0.130771062144748,0.875331564986737,0.146216768916155,"1:2:3:4","5",TRUE,732,26,871
"69A",0.190339074288505,0.879752431476569,0.149551001611789,"1:2:3:4","5",TRUE,707,26,872
"69A",0.226222320838237,0.86737400530504,0.166590960708608,"1:2:3:4","5",TRUE,712,26,873
"69A",0.339275934435755,0.8894783377542,0.150275103163686,"1:2:3:4","5",TRUE,721,26,874
"69A",0.138839886965577,0.860300618921309,0.162428886566818,"1:2:3:4","5",TRUE,709,26,875
"69A",0.070873690628202,0.840848806366048,0.16385704652731,"1:2:3:4","5",TRUE,727,26,876
"69A",0.242962111849688,0.879752431476569,0.154723502304147,"1:2:3:4","5",TRUE,717,26,877
"69A",0.0547613123461266,0.850574712643678,0.149790502793296,"1:2:3:4","5",TRUE,706,26,878
"69A",0.0578730335642084,0.846153846153846,0.154646245285175,"1:2:3:4","5",TRUE,711,26,879
"69A",0.137884024649994,0.86737400530504,0.155344254782908,"1:2:3:4","5",TRUE,716,26,880
"69A",0.118715506767101,0.87709991158267,0.142412002308136,"1:2:3:4","5",TRUE,710,26,881
"69A",0.231492248694552,0.883289124668435,0.149754594224404,"1:2:3:4","5",TRUE,713,26,882
"69A",0.146055007594816,0.869142351900973,0.154829869833295,"1:2:3:4","5",TRUE,706,26,883
"69A",0.147067514142375,0.870910698496905,0.153228621291449,"1:2:3:4","5",TRUE,709,26,884
"69A",0.141096081089656,0.865605658709107,0.157587330113445,"1:2:3:4","5",TRUE,731,26,885
"69A",0.0890215085445039,0.85499557913351,0.157018982891962,"1:2:3:4","5",TRUE,703,26,886
"69A",0.0976110422235168,0.854111405835544,0.159954363947519,"1:2:3:4","5",TRUE,710,26,887
"69A",0.157950080646842,0.869142351900973,0.156592153284672,"1:2:3:4","5",TRUE,725,26,888
"69A",0.14273006104728,0.872679045092838,0.150760563380282,"1:2:3:4","5",TRUE,735,26,889
"69A",0.194325078978388,0.885941644562334,0.143269786250722,"1:2:3:4","5",TRUE,707,26,890
"69A",0.0894324543474884,0.854111405835544,0.15791824882734,"1:2:3:4","5",TRUE,729,26,891
"69A",0.144715833934899,0.870026525198939,0.153758281928261,"1:2:3:4","5",TRUE,711,26,892
"69A",0.11311113246098,0.862068965517241,0.156,"1:2:3:4","5",TRUE,704,26,893
"69A",0.120922815591579,0.875331564986737,0.144545454545455,"1:2:3:4","5",TRUE,719,26,894
"69A",0.119263527577496,0.868258178603006,0.151235280535673,"1:2:3:4","5",TRUE,714,26,895
"69A",0.130470267003061,0.869142351900973,0.152337858220211,"1:2:3:4","5",TRUE,713,26,896
"69A",0.275768117462698,0.870910698496905,0.16722562738522,"1:2:3:4","5",TRUE,709,26,897
"69A",0.136619770469495,0.859416445623342,0.162937464142283,"1:2:3:4","5",TRUE,712,26,898
"69A",0.0757683707665573,0.836427939876216,0.169158233670653,"1:2:3:4","5",TRUE,719,26,899
"69A",0.0932173923114068,0.860300618921309,0.153227659085688,"1:2:3:4","5",TRUE,717,26,900
"69A",0.134125931540255,0.869142351900973,0.152952008286339,"1:2:3:4","5",TRUE,717,26,901
"69A",0.123739754751203,0.871794871794872,0.14857341684064,"1:2:3:4","5",TRUE,704,26,902
"69A",0.108019795396288,0.86737400530504,0.14989046466044,"1:2:3:4","5",TRUE,714,26,903
"69A",0.18472541574736,0.872679045092838,0.156418681060784,"1:2:3:4","5",TRUE,700,26,904
"69A",0.273239608476718,0.8894783377542,0.14606102003643,"1:2:3:4","5",TRUE,718,26,905
"69A",0.166541377397939,0.863837312113174,0.163197621225984,"1:2:3:4","5",TRUE,719,26,906
"69A",0.223632517852766,0.879752431476569,0.152953344058837,"1:2:3:4","5",TRUE,708,26,907
"69A",0.0982877175460064,0.857648099027409,0.156869605784931,"1:2:3:4","5",TRUE,698,26,908
"69A",0.305878220440335,0.878868258178603,0.160591471801926,"1:2:3:4","5",TRUE,719,26,909
"69A",0.202083359467536,0.876215738284704,0.154609101516919,"1:2:3:4","5",TRUE,709,26,910
"69A",0.0825071620429713,0.84526967285588,0.163769441903019,"1:2:3:4","5",TRUE,711,26,911
"69A",0.176004816375847,0.87709991158267,0.150729335494327,"1:2:3:4","5",TRUE,703,26,912
"69A",0.0780709113237485,0.856763925729443,0.152427072523925,"1:2:3:4","5",TRUE,710,26,913
"69A",0.134435154702807,0.865605658709107,0.15650406504065,"1:2:3:4","5",TRUE,718,26,914
"69A",0.0925756243410149,0.875331564986737,0.138987043580683,"1:2:3:4","5",TRUE,700,26,915
"69A",0.203953401637408,0.878868258178603,0.151965265082267,"1:2:3:4","5",TRUE,722,26,916
"69A",0.0854069374978285,0.859416445623342,0.15205223880597,"1:2:3:4","5",TRUE,705,26,917
"69A",0.162750058038748,0.875331564986737,0.150917431192661,"1:2:3:4","5",TRUE,725,26,918
"69A",0.123739754751203,0.855879752431477,0.163932491443408,"1:2:3:4","5",TRUE,700,26,919
"69A",0.132285471991793,0.864721485411141,0.1569813905697,"1:2:3:4","5",TRUE,725,26,920
"69A",0.105560721574151,0.851458885941645,0.164220183486239,"1:2:3:4","5",TRUE,717,26,921
"69A",0.176817299131726,0.870910698496905,0.157304682938223,"1:2:3:4","5",TRUE,711,26,922
"69A",0.102447425744121,0.86737400530504,0.148752730198873,"1:2:3:4","5",TRUE,712,26,923
"69A",0.105075665720463,0.855879752431477,0.160055671537926,"1:2:3:4","5",TRUE,711,26,924
"69A",0.137250441890335,0.870910698496905,0.151693158258466,"1:2:3:4","5",TRUE,712,26,925
"69A",0.248621998975422,0.891246684350133,0.142197489936064,"1:2:3:4","5",TRUE,710,26,926
"69A",0.0606007847115852,0.853227232537577,0.149833390784787,"1:2:3:4","5",TRUE,719,26,927
"69A",0.21904535766913,0.878868258178603,0.15347721822542,"1:2:3:4","5",TRUE,720,26,928
"69A",0.0716944518365569,0.870026525198939,0.138675238204569,"1:2:3:4","5",TRUE,717,26,929
"69A",0.111046417050523,0.869142351900973,0.148787366046249,"1:2:3:4","5",TRUE,728,26,930
"69A",0.100577364202932,0.862953138815208,0.152501157943492,"1:2:3:4","5",TRUE,713,26,931
"69A",0.182190636295305,0.876215738284704,0.152421813255052,"1:2:3:4","5",TRUE,715,26,932
"69A",0.178864952905744,0.874447391688771,0.153854748603352,"1:2:3:4","5",TRUE,729,26,933
"69A",0.200230463654082,0.876215738284704,0.154440599769319,"1:2:3:4","5",TRUE,708,26,934
"69A",0.0456526452165451,0.849690539345712,0.146528350819286,"1:2:3:4","5",TRUE,703,26,935
"69A",0.073364599094691,0.847922192749779,0.158702272194893,"1:2:3:4","5",TRUE,700,26,936
"69A",0.121481025897885,0.859416445623342,0.160171209731922,"1:2:3:4","5",TRUE,729,26,937
"69A",0.0840412395347803,0.866489832007073,0.14525202520252,"1:2:3:4","5",TRUE,727,26,938
"69A",0.119263527577496,0.853227232537577,0.165554676014927,"1:2:3:4","5",TRUE,714,26,939
"69A",0.116280408995762,0.865605658709107,0.153213665315576,"1:2:3:4","5",TRUE,716,26,940
"69A",0.139159978005711,0.879752431476569,0.143001686340641,"1:2:3:4","5",TRUE,716,26,941
"69A",0.115214237671301,0.861184792219275,0.157263182185301,"1:2:3:4","5",TRUE,711,26,942
"69A",0.173589699916603,0.872679045092838,0.155043098623083,"1:2:3:4","5",TRUE,736,26,943
"69A",0.159779240351979,0.878868258178603,0.146840361101588,"1:2:3:4","5",TRUE,706,26,944
"69A",0.127206836130553,0.857648099027409,0.162934186471664,"1:2:3:4","5",TRUE,717,26,945
"69A",0.157950080646842,0.872679045092838,0.152964335340435,"1:2:3:4","5",TRUE,708,26,946
"69A",0.149801979340737,0.870026525198939,0.154506929332264,"1:2:3:4","5",TRUE,716,26,947
"69A",0.162002214833789,0.873563218390805,0.152623388172521,"1:2:3:4","5",TRUE,734,26,948
"69A",0.119538485930075,0.865605658709107,0.153837560049157,"1:2:3:4","5",TRUE,727,26,949
"69A",0.108768627989609,0.870026525198939,0.147495361781076,"1:2:3:4","5",TRUE,706,26,950
"69A",0.0945143060025261,0.859416445623342,0.1543855615588,"1:2:3:4","5",TRUE,716,26,951
"69A",0.0844291951561699,0.847922192749779,0.162006764374295,"1:2:3:4","5",TRUE,732,26,952
"69A",0.122323176647465,0.86737400530504,0.152654363180679,"1:2:3:4","5",TRUE,713,26,953
"69A",0.118442441403153,0.865605658709107,0.153626824817518,"1:2:3:4","5",TRUE,723,26,954
"69A",0.0759430523882298,0.858532272325376,0.150228973528426,"1:2:3:4","5",TRUE,734,26,955
"69A",0.175196067011621,0.872679045092838,0.155251141552511,"1:2:3:4","5",TRUE,717,26,956
"69A",0.0716944518365569,0.851458885941645,0.155118201933155,"1:2:3:4","5",TRUE,714,26,957
"69A",0.19522213270087,0.875331564986737,0.154827586206897,"1:2:3:4","5",TRUE,713,26,958
"69A",0.208704567254914,0.871794871794872,0.160084783578759,"1:2:3:4","5",TRUE,728,26,959
"69A",0.287439106754431,0.878868258178603,0.159253284166859,"1:2:3:4","5",TRUE,705,26,960
"69A",0.0923626850440198,0.862953138815208,0.15061238000662,"1:2:3:4","5",TRUE,733,26,961
"69A",0.142074210551226,0.870910698496905,0.152433968968376,"1:2:3:4","5",TRUE,703,26,962
"69A",0.0882052732002179,0.857648099027409,0.154391582799634,"1:2:3:4","5",TRUE,728,26,963
"69A",0.151536778989067,0.865605658709107,0.159214707217431,"1:2:3:4","5",TRUE,724,26,964
"69A",0.157950080646842,0.870910698496905,0.154796259956135,"1:2:3:4","5",TRUE,708,26,965
"69A",0.107523439997331,0.868258178603006,0.148928737773638,"1:2:3:4","5",TRUE,697,26,966
"69A",0.120367170284571,0.869142351900973,0.150584460233784,"1:2:3:4","5",TRUE,713,26,967
"69A",0.0958292633771311,0.857648099027409,0.156289707750953,"1:2:3:4","5",TRUE,714,26,968
"69A",0.0908857613359251,0.853227232537577,0.159106373327285,"1:2:3:4","5",TRUE,730,26,969
"69A",0.0773550816526392,0.847038019451813,0.160724521380259,"1:2:3:4","5",TRUE,710,26,970
"69A",0.128976637701815,0.861184792219275,0.159875690607735,"1:2:3:4","5",TRUE,717,26,971
"69A",0.0518169023668504,0.848806366047745,0.149976325757576,"1:2:3:4","5",TRUE,688,26,972
"69A",0.114421029390774,0.869142351900973,0.149462119478141,"1:2:3:4","5",TRUE,710,26,973
"69A",0.134125931540255,0.865605658709107,0.156450137236962,"1:2:3:4","5",TRUE,716,26,974
"69A",0.242403258677895,0.883289124668435,0.150698943061712,"1:2:3:4","5",TRUE,715,26,975
"69A",0.168470029637475,0.873563218390805,0.153470961887477,"1:2:3:4","5",TRUE,730,26,976
"69A",0.145049471787972,0.866489832007073,0.157339912526635,"1:2:3:4","5",TRUE,730,26,977
"69A",0.151886142318765,0.857648099027409,0.167152009318579,"1:2:3:4","5",TRUE,707,26,978
"69A",0.18816006427297,0.877984084880637,0.151209230086532,"1:2:3:4","5",TRUE,741,26,979
"69A",0.225182819977301,0.880636604774536,0.152135956233267,"1:2:3:4","5",TRUE,713,26,980
"69A",0.133817419642288,0.866489832007073,0.15550731261426,"1:2:3:4","5",TRUE,725,26,981
"69A",0.101508088597507,0.863837312113174,0.15186511144474,"1:2:3:4","5",TRUE,708,26,982
"69A",0.115214237671301,0.860300618921309,0.15806669671023,"1:2:3:4","5",TRUE,726,26,983
"69A",0.0969390255654413,0.858532272325376,0.155734870317003,"1:2:3:4","5",TRUE,716,26,984
"69A",0.189901262834807,0.885057471264368,0.143786374529271,"1:2:3:4","5",TRUE,725,26,985
"69A",0.147406573721007,0.874447391688771,0.149659863945578,"1:2:3:4","5",TRUE,701,26,986
"69A",0.171207723388593,0.868258178603006,0.159304347826087,"1:2:3:4","5",TRUE,703,26,987
"69A",0.17398990556944,0.861184792219275,0.1668911335578,"1:2:3:4","5",TRUE,726,26,988
"69A",0.116280408995762,0.86737400530504,0.151535758812195,"1:2:3:4","5",TRUE,723,26,989
"69A",0.154710201545619,0.861184792219275,0.164125155314583,"1:2:3:4","5",TRUE,723,26,990
"69A",0.0817506565319178,0.847038019451813,0.162053121147596,"1:2:3:4","5",TRUE,732,26,991
"69A",0.0865951859975022,0.862953138815208,0.149156791248861,"1:2:3:4","5",TRUE,721,26,992
"69A",0.0761181367329465,0.853227232537577,0.154950438646462,"1:2:3:4","5",TRUE,716,26,993
"69A",0.0875980118538538,0.847922192749779,0.162932322187751,"1:2:3:4","5",TRUE,708,26,994
"69A",0.0769996318735114,0.848806366047745,0.159048723897912,"1:2:3:4","5",TRUE,709,26,995
"69A",0.137566868514296,0.858532272325376,0.16393634448865,"1:2:3:4","5",TRUE,707,26,996
"69A",0.0873965218915109,0.849690539345712,0.161323445521962,"1:2:3:4","5",TRUE,718,26,997
"69A",0.125750566728124,0.872679045092838,0.148013167176111,"1:2:3:4","5",TRUE,703,26,998
"69A",0.198394556982656,0.866489832007073,0.164522918615529,"1:2:3:4","5",TRUE,708,26,999
"69A",0.0731958483434347,0.857648099027409,0.150191830286617,"1:2:3:4","5",TRUE,721,26,1000
