"feature_ID","temperature","feature_frequency","isogloss_density","value_ID_up","value_ID_down","resampled","sample_size","neighbourhood_size","rep"
"92A",0.657024793140015,0.595022624434389,0.398692810457516,"1:2:3:4:5","6",TRUE,564,10,1
"92A",0.489292948470826,0.610859728506787,0.380281690140845,"1:2:3:4:5","6",TRUE,572,10,2
"92A",0.47486226181559,0.600678733031674,0.382411067193676,"1:2:3:4:5","6",TRUE,561,10,3
"92A",0.580198173971666,0.606334841628959,0.389549922400414,"1:2:3:4:5","6",TRUE,538,10,4
"92A",0.643547871269746,0.600678733031674,0.396049896049896,"1:2:3:4:5","6",TRUE,550,10,5
"92A",0.550267746080916,0.58710407239819,0.393158155676748,"1:2:3:4:5","6",TRUE,570,10,6
"92A",0.642067604382362,0.602941176470588,0.39514129895885,"1:2:3:4:5","6",TRUE,569,10,7
"92A",0.552807921196648,0.576923076923077,0.396078431372549,"1:2:3:4:5","6",TRUE,561,10,8
"92A",0.435074727036735,0.579185520361991,0.384454877412624,"1:2:3:4:5","6",TRUE,537,10,9
"92A",0.592348451843708,0.610859728506787,0.388888888888889,"1:2:3:4:5","6",TRUE,552,10,10
"92A",0.532810355792739,0.606334841628959,0.385692846423212,"1:2:3:4:5","6",TRUE,555,10,11
"92A",0.63764720156802,0.593891402714932,0.397806580259222,"1:2:3:4:5","6",TRUE,566,10,12
"92A",0.628897485035209,0.597285067873303,0.396090534979424,"1:2:3:4:5","6",TRUE,547,10,13
"92A",0.649503144681553,0.602941176470588,0.395598771750256,"1:2:3:4:5","6",TRUE,552,10,14
"92A",0.648009179677167,0.579185520361991,0.402667984189723,"1:2:3:4:5","6",TRUE,557,10,15
"92A",0.592348451843708,0.600678733031674,0.392323030907278,"1:2:3:4:5","6",TRUE,564,10,16
"92A",0.432079395182714,0.56447963800905,0.3875,"1:2:3:4:5","6",TRUE,561,10,17
"92A",0.676991254316092,0.57579185520362,0.4055,"1:2:3:4:5","6",TRUE,551,10,18
"92A",0.49953952550511,0.581447963800905,0.390268123138034,"1:2:3:4:5","6",TRUE,552,10,19
"92A",0.601974310274355,0.601809954751131,0.392714570858283,"1:2:3:4:5","6",TRUE,562,10,20
"92A",0.589626586364721,0.590497737556561,0.395348837209302,"1:2:3:4:5","6",TRUE,560,10,21
"92A",0.523084507164744,0.581447963800905,0.392411382925612,"1:2:3:4:5","6",TRUE,562,10,22
"92A",0.615997511763695,0.600678733031674,0.39412057797708,"1:2:3:4:5","6",TRUE,549,10,23
"92A",0.521881326003206,0.614253393665158,0.381934216985763,"1:2:3:4:5","6",TRUE,551,10,24
"92A",0.430093972605396,0.590497737556561,0.380834160873883,"1:2:3:4:5","6",TRUE,555,10,25
"92A",0.82146952991413,0.607466063348416,0.403980099502488,"1:2:3:4:5","6",TRUE,569,10,26
"92A",0.51709621293591,0.570135746606335,0.394683026584867,"1:2:3:4:5","6",TRUE,551,10,27
"92A",0.723745636894028,0.617647058823529,0.394897959183673,"1:2:3:4:5","6",TRUE,550,10,28
"92A",0.599208213580301,0.571266968325792,0.40119462419114,"1:2:3:4:5","6",TRUE,559,10,29
"92A",0.492684905529743,0.599547511312217,0.384422110552764,"1:2:3:4:5","6",TRUE,563,10,30
"92A",0.68799258630666,0.617647058823529,0.392783505154639,"1:2:3:4:5","6",TRUE,536,10,31
"92A",0.505324502425889,0.580316742081448,0.391091532060695,"1:2:3:4:5","6",TRUE,566,10,32
"92A",0.614580615274587,0.618778280542986,0.38745574102175,"1:2:3:4:5","6",TRUE,547,10,33
"92A",0.446236362207052,0.619909502262443,0.372813593203398,"1:2:3:4:5","6",TRUE,550,10,34
"92A",0.556640187196779,0.58710407239819,0.393704600484261,"1:2:3:4:5","6",TRUE,577,10,35
"92A",0.53526994317875,0.570135746606335,0.396275219865494,"1:2:3:4:5","6",TRUE,545,10,36
"92A",0.465121865915089,0.595022624434389,0.383242439266237,"1:2:3:4:5","6",TRUE,556,10,37
"92A",0.718762910420434,0.619909502262443,0.393672199170124,"1:2:3:4:5","6",TRUE,549,10,38
"92A",0.613166977882509,0.583710407239819,0.399,"1:2:3:4:5","6",TRUE,556,10,39
"92A",0.71217259644756,0.590497737556561,0.403655352480418,"1:2:3:4:5","6",TRUE,542,10,40
"92A",0.620267831037318,0.617647058823529,0.388321167883212,"1:2:3:4:5","6",TRUE,564,10,41
"92A",0.521881326003206,0.613122171945701,0.382410106899903,"1:2:3:4:5","6",TRUE,556,10,42
"92A",0.526710719625056,0.57579185520362,0.394174757281553,"1:2:3:4:5","6",TRUE,572,10,43
"92A",0.470508265033253,0.600678733031674,0.382011116725619,"1:2:3:4:5","6",TRUE,558,10,44
"92A",0.527925034803349,0.58710407239819,0.391325776244455,"1:2:3:4:5","6",TRUE,574,10,45
"92A",0.453487850812859,0.591628959276018,0.383054287163876,"1:2:3:4:5","6",TRUE,552,10,46
"92A",0.484806637187388,0.593891402714932,0.385488647581441,"1:2:3:4:5","6",TRUE,571,10,47
"92A",0.684831232099287,0.611990950226244,0.394685039370079,"1:2:3:4:5","6",TRUE,557,10,48
"92A",0.490420998141777,0.580316742081448,0.389769820971867,"1:2:3:4:5","6",TRUE,556,10,49
"92A",0.484806637187388,0.588235294117647,0.387080103359173,"1:2:3:4:5","6",TRUE,543,10,50
"92A",0.437083142036476,0.579185520361991,0.384615384615385,"1:2:3:4:5","6",TRUE,549,10,51
"92A",0.713814488213206,0.606334841628959,0.398561890087314,"1:2:3:4:5","6",TRUE,546,10,52
"92A",0.570920526422511,0.599547511312217,0.391140433553252,"1:2:3:4:5","6",TRUE,564,10,53
"92A",0.581535802811976,0.583710407239819,0.3966617574865,"1:2:3:4:5","6",TRUE,558,10,54
"92A",0.480361460747596,0.619909502262443,0.376164786660128,"1:2:3:4:5","6",TRUE,568,10,55
"92A",0.49953952550511,0.602941176470588,0.383937316356513,"1:2:3:4:5","6",TRUE,566,10,56
"92A",0.951914319263258,0.6210407239819,0.404556962025316,"1:2:3:4:5","6",TRUE,553,10,57
"92A",0.608945545409989,0.624434389140271,0.384805130735076,"1:2:3:4:5","6",TRUE,558,10,58
"92A",0.492684905529743,0.606334841628959,0.382231404958678,"1:2:3:4:5","6",TRUE,551,10,59
"92A",0.642067604382362,0.597285067873303,0.397022332506204,"1:2:3:4:5","6",TRUE,564,10,60
"92A",0.451404055502133,0.582579185520362,0.385298470646275,"1:2:3:4:5","6",TRUE,560,10,61
"92A",0.928104246295499,0.616515837104072,0.405419222903885,"1:2:3:4:5","6",TRUE,558,10,62
"92A",0.419336104314631,0.580316742081448,0.382483918852053,"1:2:3:4:5","6",TRUE,554,10,63
"92A",0.538980629522924,0.59841628959276,0.388861263053207,"1:2:3:4:5","6",TRUE,548,10,64
"92A",0.436077778284881,0.618778280542986,0.372149442018438,"1:2:3:4:5","6",TRUE,579,10,65
"92A",0.519483259863327,0.565610859728507,0.395906140788817,"1:2:3:4:5","6",TRUE,549,10,66
"92A",0.523084507164744,0.572398190045249,0.394657258064516,"1:2:3:4:5","6",TRUE,551,10,67
"92A",0.51235497441619,0.593891402714932,0.387961557916034,"1:2:3:4:5","6",TRUE,550,10,68
"92A",0.475957041987391,0.619909502262443,0.375751503006012,"1:2:3:4:5","6",TRUE,562,10,69
"92A",0.7406055439033,0.593891402714932,0.404255319148936,"1:2:3:4:5","6",TRUE,563,10,70
"92A",0.728762905443669,0.585972850678733,0.405989199803633,"1:2:3:4:5","6",TRUE,575,10,71
"92A",0.564384603360997,0.584841628959276,0.394987468671679,"1:2:3:4:5","6",TRUE,555,10,72
"92A",0.54522235884231,0.622171945701357,0.380878552971576,"1:2:3:4:5","6",TRUE,542,10,73
"92A",0.47705434614082,0.592760180995475,0.385048643113159,"1:2:3:4:5","6",TRUE,557,10,74
"92A",0.704019613534041,0.608597285067873,0.397117296222664,"1:2:3:4:5","6",TRUE,556,10,75
"92A",0.538980629522924,0.595022624434389,0.389940239043825,"1:2:3:4:5","6",TRUE,550,10,76
"92A",0.614580615274587,0.592760180995475,0.396462018730489,"1:2:3:4:5","6",TRUE,546,10,77
"92A",0.559209779112722,0.596153846153846,0.391216557294296,"1:2:3:4:5","6",TRUE,560,10,78
"92A",0.555359822403296,0.591628959276018,0.392300194931774,"1:2:3:4:5","6",TRUE,566,10,79
"92A",0.511176472960318,0.597285067873303,0.386853988961365,"1:2:3:4:5","6",TRUE,555,10,80
"92A",0.702400251605414,0.626696832579186,0.389912706110572,"1:2:3:4:5","6",TRUE,572,10,81
"92A",0.560499019861628,0.605203619909502,0.388339920948617,"1:2:3:4:5","6",TRUE,564,10,82
"92A",0.532810355792739,0.606334841628959,0.385735811150176,"1:2:3:4:5","6",TRUE,562,10,83
"92A",0.454533352945044,0.59841628959276,0.381094527363184,"1:2:3:4:5","6",TRUE,563,10,84
"92A",0.53650399138067,0.601809954751131,0.387585532746823,"1:2:3:4:5","6",TRUE,574,10,85
"92A",0.850340686317711,0.604072398190045,0.406609914872308,"1:2:3:4:5","6",TRUE,557,10,86
"92A",0.527925034803349,0.632352941176471,0.375309866137828,"1:2:3:4:5","6",TRUE,558,10,87
"92A",0.823363402359691,0.606334841628959,0.404516445753559,"1:2:3:4:5","6",TRUE,564,10,88
"92A",0.452444753509056,0.591628959276018,0.382903388973192,"1:2:3:4:5","6",TRUE,559,10,89
"92A",0.435074727036735,0.591628959276018,0.38114546376077,"1:2:3:4:5","6",TRUE,548,10,90
"92A",0.462984611826864,0.576923076923077,0.387935262383521,"1:2:3:4:5","6",TRUE,566,10,91
"92A",0.663104779503368,0.624434389140271,0.388461538461538,"1:2:3:4:5","6",TRUE,573,10,92
"92A",0.733814955527616,0.627828054298643,0.391240157480315,"1:2:3:4:5","6",TRUE,557,10,93
"92A",0.54773924317423,0.582579185520362,0.394235717961915,"1:2:3:4:5","6",TRUE,550,10,94
"92A",0.496100376871312,0.596153846153846,0.385814889336016,"1:2:3:4:5","6",TRUE,557,10,95
"92A",0.475957041987391,0.572398190045249,0.390330788804071,"1:2:3:4:5","6",TRUE,549,10,96
"92A",0.554082402661288,0.588235294117647,0.393191909225456,"1:2:3:4:5","6",TRUE,567,10,97
"92A",0.569607314479282,0.613122171945701,0.386294416243655,"1:2:3:4:5","6",TRUE,552,10,98
"92A",0.47486226181559,0.597285067873303,0.383492702566683,"1:2:3:4:5","6",TRUE,558,10,99
"92A",0.611756592090996,0.585972850678733,0.398313492063492,"1:2:3:4:5","6",TRUE,562,10,100
"92A",0.585567220958357,0.626696832579186,0.382215288611544,"1:2:3:4:5","6",TRUE,551,10,101
"92A",0.72541420994439,0.605203619909502,0.399606299212598,"1:2:3:4:5","6",TRUE,564,10,102
"92A",0.541468700453352,0.56447963800905,0.398048780487805,"1:2:3:4:5","6",TRUE,571,10,103
"92A",0.561791232914972,0.634615384615385,0.377065111758989,"1:2:3:4:5","6",TRUE,568,10,104
"92A",0.421271865850528,0.597285067873303,0.377921432123322,"1:2:3:4:5","6",TRUE,556,10,105
"92A",0.382435549738144,0.595022624434389,0.374007936507937,"1:2:3:4:5","6",TRUE,562,10,106
"92A",0.521881326003206,0.6210407239819,0.379448621553885,"1:2:3:4:5","6",TRUE,556,10,107
"92A",0.47486226181559,0.580316742081448,0.388258510113468,"1:2:3:4:5","6",TRUE,551,10,108
"92A",0.645031550866388,0.576923076923077,0.403030303030303,"1:2:3:4:5","6",TRUE,551,10,109
"92A",0.655513527096113,0.595022624434389,0.398625429553265,"1:2:3:4:5","6",TRUE,556,10,110
"92A",0.621697839225438,0.633484162895928,0.381881881881882,"1:2:3:4:5","6",TRUE,562,10,111
"92A",0.437083142036476,0.582579185520362,0.3837784371909,"1:2:3:4:5","6",TRUE,561,10,112
"92A",0.568297123141423,0.613122171945701,0.386213887480993,"1:2:3:4:5","6",TRUE,551,10,113
"92A",0.523084507164744,0.613122171945701,0.382505175983437,"1:2:3:4:5","6",TRUE,543,10,114
"92A",0.464052008446127,0.591628959276018,0.384047267355982,"1:2:3:4:5","6",TRUE,567,10,115
"92A",0.557923503831462,0.588235294117647,0.393558127830901,"1:2:3:4:5","6",TRUE,558,10,116
"92A",0.623131144252951,0.589366515837104,0.398082744702321,"1:2:3:4:5","6",TRUE,552,10,117
"92A",0.480361460747596,0.582579185520362,0.388194097048524,"1:2:3:4:5","6",TRUE,560,10,118
"92A",0.487044627264939,0.579185520361991,0.389698736637512,"1:2:3:4:5","6",TRUE,562,10,119
"92A",0.412630718543016,0.605203619909502,0.374424552429668,"1:2:3:4:5","6",TRUE,549,10,120
"92A",0.628897485035209,0.615384615384615,0.389779559118236,"1:2:3:4:5","6",TRUE,550,10,121
"92A",0.636180507200044,0.618778280542986,0.388973966309342,"1:2:3:4:5","6",TRUE,552,10,122
"92A",0.492684905529743,0.601809954751131,0.383726770467102,"1:2:3:4:5","6",TRUE,554,10,123
"92A",0.561791232914972,0.614253393665158,0.385262116716123,"1:2:3:4:5","6",TRUE,561,10,124
"92A",0.65250141550055,0.574660633484163,0.404106159238858,"1:2:3:4:5","6",TRUE,558,10,125
"92A",0.529142149547507,0.567873303167421,0.396253602305476,"1:2:3:4:5","6",TRUE,570,10,126
"92A",0.53650399138067,0.576923076923077,0.394762366634336,"1:2:3:4:5","6",TRUE,571,10,127
"92A",0.592348451843708,0.617647058823529,0.386285150468673,"1:2:3:4:5","6",TRUE,567,10,128
"92A",0.655513527096113,0.595022624434389,0.398662551440329,"1:2:3:4:5","6",TRUE,541,10,129
"92A",0.529142149547507,0.58710407239819,0.391455538996523,"1:2:3:4:5","6",TRUE,553,10,130
"92A",0.413582025827806,0.572398190045249,0.383703703703704,"1:2:3:4:5","6",TRUE,564,10,131
"92A",0.492684905529743,0.607466063348416,0.381861575178998,"1:2:3:4:5","6",TRUE,582,10,132
"92A",0.631800634916718,0.613122171945701,0.390855457227139,"1:2:3:4:5","6",TRUE,571,10,133
"92A",0.478154180094839,0.591628959276018,0.385432473444613,"1:2:3:4:5","6",TRUE,558,10,134
"92A",0.603362143319462,0.597285067873303,0.394291243347847,"1:2:3:4:5","6",TRUE,564,10,135
"92A",0.663104779503368,0.580316742081448,0.40343137254902,"1:2:3:4:5","6",TRUE,563,10,136
"92A",0.574878355603847,0.626696832579186,0.38134765625,"1:2:3:4:5","6",TRUE,576,10,137
"92A",0.663104779503368,0.580316742081448,0.403378042722305,"1:2:3:4:5","6",TRUE,552,10,138
"92A",0.507657208159733,0.58710407239819,0.389494549058474,"1:2:3:4:5","6",TRUE,560,10,139
"92A",0.49953952550511,0.606334841628959,0.382851445663011,"1:2:3:4:5","6",TRUE,554,10,140
"92A",0.461919670396939,0.592760180995475,0.38351983723296,"1:2:3:4:5","6",TRUE,546,10,141
"92A",0.484806637187388,0.630090497737557,0.372519841269841,"1:2:3:4:5","6",TRUE,555,10,142
"92A",0.554082402661288,0.595022624434389,0.391199226305609,"1:2:3:4:5","6",TRUE,566,10,143
"92A",0.496100376871312,0.604072398190045,0.383239652529382,"1:2:3:4:5","6",TRUE,555,10,144
"92A",0.551536371250851,0.617647058823529,0.38315894369706,"1:2:3:4:5","6",TRUE,562,10,145
"92A",0.773728971509834,0.580316742081448,0.410115172759139,"1:2:3:4:5","6",TRUE,546,10,146
"92A",0.586917227969466,0.618778280542986,0.385505787619527,"1:2:3:4:5","6",TRUE,546,10,147
"92A",0.580198173971666,0.627828054298643,0.381305637982196,"1:2:3:4:5","6",TRUE,570,10,148
"92A",0.501845526322076,0.585972850678733,0.389316897791474,"1:2:3:4:5","6",TRUE,538,10,149
"92A",0.41837156169455,0.588235294117647,0.380190095047524,"1:2:3:4:5","6",TRUE,559,10,150
"92A",0.491551648496152,0.60972850678733,0.380903490759754,"1:2:3:4:5","6",TRUE,550,10,151
"92A",0.379802619546949,0.591628959276018,0.3747591522158,"1:2:3:4:5","6",TRUE,576,10,152
"92A",0.684831232099287,0.596153846153846,0.400197628458498,"1:2:3:4:5","6",TRUE,568,10,153
"92A",0.465121865915089,0.615384615384615,0.376376376376376,"1:2:3:4:5","6",TRUE,549,10,154
"92A",0.510000682253342,0.591628959276018,0.388485477178423,"1:2:3:4:5","6",TRUE,552,10,155
"92A",0.518288362168134,0.590497737556561,0.389468455042226,"1:2:3:4:5","6",TRUE,570,10,156
"92A",0.894530513620389,0.615384615384615,0.404426559356137,"1:2:3:4:5","6",TRUE,552,10,157
"92A",0.68957873181116,0.591628959276018,0.401892430278884,"1:2:3:4:5","6",TRUE,566,10,158
"92A",0.451404055502133,0.567873303167421,0.388776541961577,"1:2:3:4:5","6",TRUE,561,10,159
"92A",0.475957041987391,0.582579185520362,0.387815750371471,"1:2:3:4:5","6",TRUE,566,10,160
"92A",0.608945545409989,0.571266968325792,0.40185546875,"1:2:3:4:5","6",TRUE,561,10,161
"92A",0.589626586364721,0.597285067873303,0.39328165374677,"1:2:3:4:5","6",TRUE,551,10,162
"92A",0.771949266491036,0.616515837104072,0.398014888337469,"1:2:3:4:5","6",TRUE,561,10,163
"92A",0.601974310274355,0.588235294117647,0.396902226524685,"1:2:3:4:5","6",TRUE,566,10,164
"92A",0.593714092771661,0.597285067873303,0.393551688843398,"1:2:3:4:5","6",TRUE,559,10,165
"92A",0.654005737214875,0.600678733031674,0.396722939424032,"1:2:3:4:5","6",TRUE,559,10,166
"92A",0.501845526322076,0.601809954751131,0.384539147670961,"1:2:3:4:5","6",TRUE,564,10,167
"92A",0.56568577450622,0.614253393665158,0.385518590998043,"1:2:3:4:5","6",TRUE,565,10,168
"92A",0.552807921196648,0.607466063348416,0.387001477104874,"1:2:3:4:5","6",TRUE,553,10,169
"92A",0.557923503831462,0.60972850678733,0.386595434677028,"1:2:3:4:5","6",TRUE,567,10,170
"92A",0.532810355792739,0.592760180995475,0.390074441687345,"1:2:3:4:5","6",TRUE,549,10,171
"92A",0.673880451681319,0.590497737556561,0.40120060030015,"1:2:3:4:5","6",TRUE,554,10,172
"92A",0.459797130528716,0.585972850678733,0.385270541082164,"1:2:3:4:5","6",TRUE,561,10,173
"92A",0.574878355603847,0.600678733031674,0.391073326248672,"1:2:3:4:5","6",TRUE,531,10,174
"92A",0.481468919151456,0.611990950226244,0.37922339889057,"1:2:3:4:5","6",TRUE,553,10,175
"92A",0.838672415927282,0.613122171945701,0.402701350675338,"1:2:3:4:5","6",TRUE,559,10,176
"92A",0.472680250207918,0.600678733031674,0.382130237253912,"1:2:3:4:5","6",TRUE,555,10,177
"92A",0.572236765935022,0.604072398190045,0.389655172413793,"1:2:3:4:5","6",TRUE,567,10,178
"92A",0.493820775252171,0.611990950226244,0.380281690140845,"1:2:3:4:5","6",TRUE,571,10,179
"92A",0.555359822403296,0.602941176470588,0.38877755511022,"1:2:3:4:5","6",TRUE,560,10,180
"92A",0.410734663434108,0.600678733031674,0.375674350171653,"1:2:3:4:5","6",TRUE,559,10,181
"92A",0.636180507200044,0.623303167420814,0.387112403100775,"1:2:3:4:5","6",TRUE,570,10,182
"92A",0.44112782888997,0.611990950226244,0.375181774115366,"1:2:3:4:5","6",TRUE,579,10,183
"92A",0.554082402661288,0.565610859728507,0.398815399802567,"1:2:3:4:5","6",TRUE,564,10,184
"92A",0.618841112105309,0.580316742081448,0.400395452298566,"1:2:3:4:5","6",TRUE,565,10,185
"92A",0.384200968979477,0.597285067873303,0.373598369011213,"1:2:3:4:5","6",TRUE,545,10,186
"92A",0.614580615274587,0.604072398190045,0.392857142857143,"1:2:3:4:5","6",TRUE,569,10,187
"92A",0.700784614477921,0.592760180995475,0.402269210933471,"1:2:3:4:5","6",TRUE,550,10,188
"92A",0.610349450420829,0.571266968325792,0.402030456852792,"1:2:3:4:5","6",TRUE,557,10,189
"92A",0.766634675493398,0.60972850678733,0.400283553875236,"1:2:3:4:5","6",TRUE,568,10,190
"92A",0.585567220958357,0.567873303167421,0.400889767671775,"1:2:3:4:5","6",TRUE,560,10,191
"92A",1.10816507923218,0.602941176470588,0.417412935323383,"1:2:3:4:5","6",TRUE,561,10,192
"92A",0.628897485035209,0.613122171945701,0.390602055800294,"1:2:3:4:5","6",TRUE,559,10,193
"92A",0.613166977882509,0.58710407239819,0.398073022312373,"1:2:3:4:5","6",TRUE,551,10,194
"92A",0.646518651040184,0.599547511312217,0.396551724137931,"1:2:3:4:5","6",TRUE,550,10,195
"92A",0.394965949305771,0.606334841628959,0.372058823529412,"1:2:3:4:5","6",TRUE,564,10,196
"92A",0.552807921196648,0.607466063348416,0.386954389406572,"1:2:3:4:5","6",TRUE,564,10,197
"92A",0.684831232099287,0.585972850678733,0.403257650542942,"1:2:3:4:5","6",TRUE,563,10,198
"92A",0.580198173971666,0.604072398190045,0.390291262135922,"1:2:3:4:5","6",TRUE,569,10,199
"92A",0.380678242670776,0.583710407239819,0.37699203187251,"1:2:3:4:5","6",TRUE,553,10,200
"92A",0.527925034803349,0.597285067873303,0.388276553106212,"1:2:3:4:5","6",TRUE,562,10,201
"92A",0.780888916834316,0.605203619909502,0.402701350675338,"1:2:3:4:5","6",TRUE,558,10,202
"92A",0.702400251605414,0.642533936651584,0.3828125,"1:2:3:4:5","6",TRUE,560,10,203
"92A",0.53774088464233,0.585972850678733,0.392449080973671,"1:2:3:4:5","6",TRUE,559,10,204
"92A",0.676991254316092,0.576923076923077,0.405260594252314,"1:2:3:4:5","6",TRUE,571,10,205
"92A",0.626007675246712,0.608597285067873,0.39207719654647,"1:2:3:4:5","6",TRUE,545,10,206
"92A",0.462984611826864,0.613122171945701,0.377016129032258,"1:2:3:4:5","6",TRUE,561,10,207
"92A",0.465121865915089,0.599547511312217,0.381761978361669,"1:2:3:4:5","6",TRUE,538,10,208
"92A",0.403237168088157,0.590497737556561,0.377898371978293,"1:2:3:4:5","6",TRUE,564,10,209
"92A",0.434073982972895,0.584841628959276,0.382926829268293,"1:2:3:4:5","6",TRUE,567,10,210
"92A",0.642067604382362,0.59841628959276,0.39662027833002,"1:2:3:4:5","6",TRUE,559,10,211
"92A",0.621697839225438,0.597285067873303,0.395551257253385,"1:2:3:4:5","6",TRUE,555,10,212
"92A",0.791753257730084,0.604072398190045,0.403638151425762,"1:2:3:4:5","6",TRUE,566,10,213
"92A",0.549002038959374,0.59841628959276,0.389669007021063,"1:2:3:4:5","6",TRUE,547,10,214
"92A",0.446236362207052,0.559954751131222,0.389895138226883,"1:2:3:4:5","6",TRUE,575,10,215
"92A",0.657024793140015,0.582579185520362,0.402390438247012,"1:2:3:4:5","6",TRUE,549,10,216
"92A",0.611756592090996,0.601809954751131,0.393402264894141,"1:2:3:4:5","6",TRUE,563,10,217
"92A",0.572236765935022,0.597285067873303,0.391946992864424,"1:2:3:4:5","6",TRUE,543,10,218
"92A",0.728762905443669,0.605203619909502,0.399797057331304,"1:2:3:4:5","6",TRUE,551,10,219
"92A",0.437083142036476,0.566742081447964,0.387481371087928,"1:2:3:4:5","6",TRUE,550,10,220
"92A",0.483691501478219,0.580316742081448,0.389138016940708,"1:2:3:4:5","6",TRUE,575,10,221
"92A",0.487044627264939,0.588235294117647,0.387259858442872,"1:2:3:4:5","6",TRUE,551,10,222
"92A",0.531584803565553,0.588235294117647,0.391304347826087,"1:2:3:4:5","6",TRUE,556,10,223
"92A",0.454533352945044,0.581447963800905,0.385982732351447,"1:2:3:4:5","6",TRUE,555,10,224
"92A",0.53526994317875,0.601809954751131,0.387487875848691,"1:2:3:4:5","6",TRUE,573,10,225
"92A",0.720419995949922,0.595022624434389,0.402681231380338,"1:2:3:4:5","6",TRUE,559,10,226
"92A",0.449329835316494,0.57579185520362,0.386835443037975,"1:2:3:4:5","6",TRUE,557,10,227
"92A",0.667701663526871,0.597285067873303,0.398737251092763,"1:2:3:4:5","6",TRUE,566,10,228
"92A",0.636180507200044,0.619909502262443,0.38855116514691,"1:2:3:4:5","6",TRUE,546,10,229
"92A",0.723745636894028,0.615384615384615,0.395719263315082,"1:2:3:4:5","6",TRUE,566,10,230
"92A",0.498390501708192,0.601809954751131,0.384231536926148,"1:2:3:4:5","6",TRUE,558,10,231
"92A",0.738902028264144,0.589366515837104,0.405577299412916,"1:2:3:4:5","6",TRUE,562,10,232
"92A",0.521881326003206,0.58710407239819,0.390810531750129,"1:2:3:4:5","6",TRUE,546,10,233
"92A",0.493820775252171,0.581447963800905,0.389733840304183,"1:2:3:4:5","6",TRUE,571,10,234
"92A",0.592348451843708,0.593891402714932,0.394550958627649,"1:2:3:4:5","6",TRUE,562,10,235
"92A",0.604753175970481,0.623303167420814,0.384992643452673,"1:2:3:4:5","6",TRUE,559,10,236
"92A",0.54522235884231,0.597285067873303,0.389728096676737,"1:2:3:4:5","6",TRUE,556,10,237
"92A",0.44214483537613,0.595022624434389,0.380857427716849,"1:2:3:4:5","6",TRUE,556,10,238
"92A",0.59098595211649,0.615384615384615,0.387031408308004,"1:2:3:4:5","6",TRUE,552,10,239
"92A",0.573556039996782,0.611990950226244,0.386984600099354,"1:2:3:4:5","6",TRUE,573,10,240
"92A",0.538980629522924,0.610859728506787,0.384615384615385,"1:2:3:4:5","6",TRUE,567,10,241
"92A",0.511176472960318,0.558823529411765,0.396517412935323,"1:2:3:4:5","6",TRUE,556,10,242
"92A",0.393151064537448,0.616515837104072,0.368311688311688,"1:2:3:4:5","6",TRUE,548,10,243
"92A",0.667701663526871,0.607466063348416,0.39531405782652,"1:2:3:4:5","6",TRUE,558,10,244
"92A",0.492684905529743,0.590497737556561,0.387144259077527,"1:2:3:4:5","6",TRUE,559,10,245
"92A",0.524290462223019,0.592760180995475,0.389402041808459,"1:2:3:4:5","6",TRUE,575,10,246
"92A",0.934538203211232,0.642533936651584,0.39412057797708,"1:2:3:4:5","6",TRUE,563,10,247
"92A",1.19841672337806,0.616515837104072,0.41515308770109,"1:2:3:4:5","6",TRUE,548,10,248
"92A",0.71217259644756,0.601809954751131,0.4,"1:2:3:4:5","6",TRUE,582,10,249
"92A",0.72541420994439,0.6289592760181,0.390292223873205,"1:2:3:4:5","6",TRUE,564,10,250
"92A",0.597829935262852,0.601809954751131,0.392424242424242,"1:2:3:4:5","6",TRUE,552,10,251
"92A",0.511176472960318,0.58710407239819,0.389847215377033,"1:2:3:4:5","6",TRUE,559,10,252
"92A",0.457684343818414,0.611990950226244,0.376854599406528,"1:2:3:4:5","6",TRUE,570,10,253
"92A",0.576203719768409,0.617647058823529,0.385121457489879,"1:2:3:4:5","6",TRUE,563,10,254
"92A",0.584220319187379,0.602941176470588,0.391025641025641,"1:2:3:4:5","6",TRUE,557,10,255
"92A",0.513536192870506,0.597285067873303,0.387031408308004,"1:2:3:4:5","6",TRUE,556,10,256
"92A",0.600589669475532,0.624434389140271,0.384250474383302,"1:2:3:4:5","6",TRUE,582,10,257
"92A",0.683256006631875,0.626696832579186,0.388807785888078,"1:2:3:4:5","6",TRUE,572,10,258
"92A",0.728762905443669,0.596153846153846,0.402881271733731,"1:2:3:4:5","6",TRUE,568,10,259
"92A",0.634717186472483,0.573529411764706,0.403233956543709,"1:2:3:4:5","6",TRUE,553,10,260
"92A",0.578863621899639,0.605203619909502,0.389855072463768,"1:2:3:4:5","6",TRUE,573,10,261
"92A",0.620267831037318,0.604072398190045,0.393213572854291,"1:2:3:4:5","6",TRUE,545,10,262
"92A",0.623131144252951,0.600678733031674,0.394630192502533,"1:2:3:4:5","6",TRUE,563,10,263
"92A",0.660057785791029,0.606334841628959,0.395209580838323,"1:2:3:4:5","6",TRUE,561,10,264
"92A",0.479256549681823,0.595022624434389,0.384615384615385,"1:2:3:4:5","6",TRUE,558,10,265
"92A",0.669241028940147,0.602941176470588,0.396896896896897,"1:2:3:4:5","6",TRUE,555,10,266
"92A",0.646518651040184,0.600678733031674,0.396217023394724,"1:2:3:4:5","6",TRUE,559,10,267
"92A",0.570920526422511,0.588235294117647,0.394547325102881,"1:2:3:4:5","6",TRUE,545,10,268
"92A",0.634717186472483,0.576923076923077,0.402366863905325,"1:2:3:4:5","6",TRUE,565,10,269
"92A",0.491551648496152,0.626696832579186,0.374455732946299,"1:2:3:4:5","6",TRUE,582,10,270
"92A",0.460857178509007,0.597285067873303,0.382117882117882,"1:2:3:4:5","6",TRUE,563,10,271
"92A",0.440113161687481,0.614253393665158,0.374239350912779,"1:2:3:4:5","6",TRUE,544,10,272
"92A",0.584220319187379,0.599547511312217,0.392126789366053,"1:2:3:4:5","6",TRUE,560,10,273
"92A",0.529142149547507,0.602941176470588,0.386605783866058,"1:2:3:4:5","6",TRUE,547,10,274
"92A",0.667701663526871,0.623303167420814,0.389212827988338,"1:2:3:4:5","6",TRUE,573,10,275
"92A",0.51709621293591,0.590497737556561,0.38940329218107,"1:2:3:4:5","6",TRUE,553,10,276
"92A",0.582876515513965,0.604072398190045,0.390481064483112,"1:2:3:4:5","6",TRUE,549,10,277
"92A",0.684831232099287,0.626696832579186,0.388861508132085,"1:2:3:4:5","6",TRUE,565,10,278
"92A",0.658539543360767,0.625565610859729,0.387704511650967,"1:2:3:4:5","6",TRUE,565,10,279
"92A",0.992200998988919,0.636877828054299,0.399193548387097,"1:2:3:4:5","6",TRUE,552,10,280
"92A",0.461919670396939,0.602941176470588,0.38037430450177,"1:2:3:4:5","6",TRUE,558,10,281
"92A",0.608945545409989,0.591628959276018,0.396455696202532,"1:2:3:4:5","6",TRUE,558,10,282
"92A",0.50882759606009,0.580316742081448,0.391411648568608,"1:2:3:4:5","6",TRUE,566,10,283
"92A",0.846433335919035,0.6210407239819,0.399902818270165,"1:2:3:4:5","6",TRUE,575,10,284
"92A",0.593714092771661,0.610859728506787,0.388972431077694,"1:2:3:4:5","6",TRUE,553,10,285
"92A",0.543968256948595,0.601809954751131,0.38818359375,"1:2:3:4:5","6",TRUE,567,10,286
"92A",0.750909430826014,0.622171945701357,0.394605394605395,"1:2:3:4:5","6",TRUE,558,10,287
"92A",0.551536371250851,0.571266968325792,0.397357723577236,"1:2:3:4:5","6",TRUE,551,10,288
"92A",0.607544869613622,0.573529411764706,0.40119462419114,"1:2:3:4:5","6",TRUE,564,10,289
"92A",0.581535802811976,0.582579185520362,0.397007481296758,"1:2:3:4:5","6",TRUE,564,10,290
"92A",0.462984611826864,0.585972850678733,0.385559921414538,"1:2:3:4:5","6",TRUE,569,10,291
"92A",0.658539543360767,0.601809954751131,0.3966649823143,"1:2:3:4:5","6",TRUE,564,10,292
"92A",0.504162172222157,0.590497737556561,0.388235294117647,"1:2:3:4:5","6",TRUE,555,10,293
"92A",0.670783943312492,0.604072398190045,0.396690070210632,"1:2:3:4:5","6",TRUE,555,10,294
"92A",0.57753213951882,0.613122171945701,0.386901763224181,"1:2:3:4:5","6",TRUE,554,10,295
"92A",0.412630718543016,0.589366515837104,0.379277108433735,"1:2:3:4:5","6",TRUE,569,10,296
"92A",0.419336104314631,0.588235294117647,0.380281690140845,"1:2:3:4:5","6",TRUE,553,10,297
"92A",0.550267746080916,0.595022624434389,0.390845070422535,"1:2:3:4:5","6",TRUE,564,10,298
"92A",0.68957873181116,0.570135746606335,0.407665505226481,"1:2:3:4:5","6",TRUE,561,10,299
"92A",0.56698994546104,0.589366515837104,0.393910101498308,"1:2:3:4:5","6",TRUE,576,10,300
"92A",0.695959966324142,0.60972850678733,0.396207584830339,"1:2:3:4:5","6",TRUE,555,10,301
"92A",0.541468700453352,0.591628959276018,0.391151332327803,"1:2:3:4:5","6",TRUE,549,10,302
"92A",0.529142149547507,0.582579185520362,0.392638036809816,"1:2:3:4:5","6",TRUE,548,10,303
"92A",0.51235497441619,0.596153846153846,0.387303149606299,"1:2:3:4:5","6",TRUE,563,10,304
"92A",0.527925034803349,0.576923076923077,0.394048229861467,"1:2:3:4:5","6",TRUE,540,10,305
"92A",0.426150454824752,0.581447963800905,0.382860040567951,"1:2:3:4:5","6",TRUE,552,10,306
"92A",0.670783943312492,0.59841628959276,0.398583712696004,"1:2:3:4:5","6",TRUE,540,10,307
"92A",0.717109636462622,0.635746606334842,0.386857707509881,"1:2:3:4:5","6",TRUE,555,10,308
"92A",0.47705434614082,0.602941176470588,0.38189738625363,"1:2:3:4:5","6",TRUE,572,10,309
"92A",0.44214483537613,0.604072398190045,0.377980720446474,"1:2:3:4:5","6",TRUE,551,10,310
"92A",0.458739520834672,0.552036199095023,0.392551585304479,"1:2:3:4:5","6",TRUE,561,10,311
"92A",0.827164256109114,0.606334841628959,0.404667328699106,"1:2:3:4:5","6",TRUE,555,10,312
"92A",0.57753213951882,0.589366515837104,0.394698795180723,"1:2:3:4:5","6",TRUE,569,10,313
"92A",0.481468919151456,0.58710407239819,0.387130254281266,"1:2:3:4:5","6",TRUE,547,10,314
"92A",0.589626586364721,0.583710407239819,0.397280966767372,"1:2:3:4:5","6",TRUE,558,10,315
"92A",0.636180507200044,0.606334841628959,0.393541876892028,"1:2:3:4:5","6",TRUE,548,10,316
"92A",0.936692751965548,0.622171945701357,0.40352644836272,"1:2:3:4:5","6",TRUE,544,10,317
"92A",0.460857178509007,0.611990950226244,0.377197388247112,"1:2:3:4:5","6",TRUE,558,10,318
"92A",0.526710719625056,0.606334841628959,0.385214007782101,"1:2:3:4:5","6",TRUE,565,10,319
"92A",0.497244120856663,0.588235294117647,0.388252862120458,"1:2:3:4:5","6",TRUE,569,10,320
"92A",0.470508265033253,0.59841628959276,0.382728666326009,"1:2:3:4:5","6",TRUE,550,10,321
"92A",0.484806637187388,0.581447963800905,0.388970950270803,"1:2:3:4:5","6",TRUE,575,10,322
"92A",0.531584803565553,0.583710407239819,0.392527899078117,"1:2:3:4:5","6",TRUE,572,10,323
"92A",0.71546016530924,0.605203619909502,0.399019607843137,"1:2:3:4:5","6",TRUE,568,10,324
"92A",0.623131144252951,0.606334841628959,0.392628992628993,"1:2:3:4:5","6",TRUE,563,10,325
"92A",0.524290462223019,0.589366515837104,0.390374331550802,"1:2:3:4:5","6",TRUE,557,10,326
"92A",0.589626586364721,0.630090497737557,0.381074168797954,"1:2:3:4:5","6",TRUE,539,10,327
"92A",0.608945545409989,0.599547511312217,0.393985728848114,"1:2:3:4:5","6",TRUE,553,10,328
"92A",0.525499197573165,0.589366515837104,0.39047619047619,"1:2:3:4:5","6",TRUE,563,10,329
"92A",0.404166818834604,0.608597285067873,0.372372372372372,"1:2:3:4:5","6",TRUE,553,10,330
"92A",0.531584803565553,0.601809954751131,0.387130254281266,"1:2:3:4:5","6",TRUE,544,10,331
"92A",0.556640187196779,0.6210407239819,0.382217680122637,"1:2:3:4:5","6",TRUE,547,10,332
"92A",0.601974310274355,0.607466063348416,0.390748031496063,"1:2:3:4:5","6",TRUE,564,10,333
"92A",0.552807921196648,0.604072398190045,0.388138862102218,"1:2:3:4:5","6",TRUE,571,10,334
"92A",0.82146952991413,0.618778280542986,0.399702823179792,"1:2:3:4:5","6",TRUE,556,10,335
"92A",0.550267746080916,0.607466063348416,0.38676844783715,"1:2:3:4:5","6",TRUE,548,10,336
"92A",0.526710719625056,0.58710407239819,0.391216557294296,"1:2:3:4:5","6",TRUE,548,10,337
"92A",0.498390501708192,0.626696832579186,0.375127942681679,"1:2:3:4:5","6",TRUE,560,10,338
"92A",0.391344519239219,0.569004524886878,0.381780962128966,"1:2:3:4:5","6",TRUE,545,10,339
"92A",0.670783943312492,0.615384615384615,0.392588883324987,"1:2:3:4:5","6",TRUE,554,10,340
"92A",0.642067604382362,0.610859728506787,0.39236641221374,"1:2:3:4:5","6",TRUE,552,10,341
"92A",0.54522235884231,0.605203619909502,0.387193596798399,"1:2:3:4:5","6",TRUE,560,10,342
"92A",0.54522235884231,0.616515837104072,0.383123181377304,"1:2:3:4:5","6",TRUE,570,10,343
"92A",0.534038733492459,0.591628959276018,0.390593047034765,"1:2:3:4:5","6",TRUE,542,10,344
"92A",0.560499019861628,0.605203619909502,0.388401559454191,"1:2:3:4:5","6",TRUE,575,10,345
"92A",0.773728971509834,0.627828054298643,0.393476044852192,"1:2:3:4:5","6",TRUE,552,10,346
"92A",0.722080901838546,0.607466063348416,0.398565573770492,"1:2:3:4:5","6",TRUE,553,10,347
"92A",0.569607314479282,0.60972850678733,0.387566779990287,"1:2:3:4:5","6",TRUE,569,10,348
"92A",0.621697839225438,0.613122171945701,0.390081799591002,"1:2:3:4:5","6",TRUE,545,10,349
"92A",0.450365751273308,0.571266968325792,0.387961557916034,"1:2:3:4:5","6",TRUE,556,10,350
"92A",0.44112782888997,0.580316742081448,0.384767556874382,"1:2:3:4:5","6",TRUE,556,10,351
"92A",0.852301120316187,0.590497737556561,0.411167512690355,"1:2:3:4:5","6",TRUE,555,10,352
"92A",0.570920526422511,0.592760180995475,0.393203883495146,"1:2:3:4:5","6",TRUE,561,10,353
"92A",0.501845526322076,0.59841628959276,0.385584677419355,"1:2:3:4:5","6",TRUE,561,10,354
"92A",0.482578930766215,0.579185520361991,0.389328063241107,"1:2:3:4:5","6",TRUE,560,10,355
"92A",0.568297123141423,0.595022624434389,0.39228138739619,"1:2:3:4:5","6",TRUE,563,10,356
"92A",0.559209779112722,0.584841628959276,0.394533264569366,"1:2:3:4:5","6",TRUE,544,10,357
"92A",0.773728971509834,0.601809954751131,0.403491271820449,"1:2:3:4:5","6",TRUE,558,10,358
"92A",0.584220319187379,0.610859728506787,0.388264058679707,"1:2:3:4:5","6",TRUE,567,10,359
"92A",0.478154180094839,0.582579185520362,0.387980769230769,"1:2:3:4:5","6",TRUE,572,10,360
"92A",0.745739691473518,0.607466063348416,0.4,"1:2:3:4:5","6",TRUE,554,10,361
"92A",0.669241028940147,0.606334841628959,0.395768833849329,"1:2:3:4:5","6",TRUE,553,10,362
"92A",0.649503144681553,0.611990950226244,0.392429324389075,"1:2:3:4:5","6",TRUE,564,10,363
"92A",0.530362070311845,0.584841628959276,0.392156862745098,"1:2:3:4:5","6",TRUE,574,10,364
"92A",0.603362143319462,0.602941176470588,0.392443324937028,"1:2:3:4:5","6",TRUE,552,10,365
"92A",0.661579528481982,0.610859728506787,0.393617021276596,"1:2:3:4:5","6",TRUE,544,10,366
"92A",0.47705434614082,0.616515837104072,0.377122877122877,"1:2:3:4:5","6",TRUE,564,10,367
"92A",0.71546016530924,0.623303167420814,0.392081120231772,"1:2:3:4:5","6",TRUE,569,10,368
"92A",1.0247102021141,0.6289592760181,0.403990024937656,"1:2:3:4:5","6",TRUE,561,10,369
"92A",0.678552036591935,0.630090497737557,0.387,"1:2:3:4:5","6",TRUE,560,10,370
"92A",0.511176472960318,0.602941176470588,0.385042950985346,"1:2:3:4:5","6",TRUE,560,10,371
"92A",0.611756592090996,0.572398190045249,0.401790154152163,"1:2:3:4:5","6",TRUE,559,10,372
"92A",0.374591014679425,0.578054298642534,0.377601585728444,"1:2:3:4:5","6",TRUE,552,10,373
"92A",0.866151295662994,0.613122171945701,0.404035433070866,"1:2:3:4:5","6",TRUE,565,10,374
"92A",0.658539543360767,0.6210407239819,0.389526184538653,"1:2:3:4:5","6",TRUE,557,10,375
"92A",0.592348451843708,0.604072398190045,0.391176470588235,"1:2:3:4:5","6",TRUE,568,10,376
"92A",0.580198173971666,0.602941176470588,0.390686274509804,"1:2:3:4:5","6",TRUE,564,10,377
"92A",0.676991254316092,0.617647058823529,0.392057026476578,"1:2:3:4:5","6",TRUE,548,10,378
"92A",0.520680912357982,0.592760180995475,0.389054726368159,"1:2:3:4:5","6",TRUE,562,10,379
"92A",0.53650399138067,0.619909502262443,0.381118881118881,"1:2:3:4:5","6",TRUE,555,10,380
"92A",0.398620891418824,0.580316742081448,0.380081300813008,"1:2:3:4:5","6",TRUE,555,10,381
"92A",0.596454827214229,0.599547511312217,0.393069306930693,"1:2:3:4:5","6",TRUE,560,10,382
"92A",0.604753175970481,0.593891402714932,0.395394414502695,"1:2:3:4:5","6",TRUE,567,10,383
"92A",0.457684343818414,0.602941176470588,0.379990142927551,"1:2:3:4:5","6",TRUE,565,10,384
"92A",0.909066930587803,0.6210407239819,0.402812656956303,"1:2:3:4:5","6",TRUE,557,10,385
"92A",0.465121865915089,0.590497737556561,0.384576098059244,"1:2:3:4:5","6",TRUE,551,10,386
"92A",0.634717186472483,0.571266968325792,0.403720462543992,"1:2:3:4:5","6",TRUE,554,10,387
"92A",0.692762001678165,0.616515837104072,0.39344262295082,"1:2:3:4:5","6",TRUE,560,10,388
"92A",0.691168534124775,0.607466063348416,0.396775871034841,"1:2:3:4:5","6",TRUE,544,10,389
"92A",0.451404055502133,0.599547511312217,0.380440348182284,"1:2:3:4:5","6",TRUE,549,10,390
"92A",0.678552036591935,0.581447963800905,0.404152583293095,"1:2:3:4:5","6",TRUE,571,10,391
"92A",0.581535802811976,0.572398190045249,0.399485861182519,"1:2:3:4:5","6",TRUE,546,10,392
"92A",0.482578930766215,0.58710407239819,0.38716148445336,"1:2:3:4:5","6",TRUE,557,10,393
"92A",0.858209582333503,0.583710407239819,0.41351888667992,"1:2:3:4:5","6",TRUE,553,10,394
"92A",0.738902028264144,0.60972850678733,0.398757120662869,"1:2:3:4:5","6",TRUE,540,10,395
"92A",0.680116417202758,0.573529411764706,0.406297613001524,"1:2:3:4:5","6",TRUE,554,10,396
"92A",0.65100055397578,0.60972850678733,0.393369619000495,"1:2:3:4:5","6",TRUE,563,10,397
"92A",0.695959966324142,0.613122171945701,0.394990366088632,"1:2:3:4:5","6",TRUE,572,10,398
"92A",0.604753175970481,0.590497737556561,0.396464646464646,"1:2:3:4:5","6",TRUE,562,10,399
"92A",0.613166977882509,0.589366515837104,0.397455470737913,"1:2:3:4:5","6",TRUE,563,10,400
"92A",0.449329835316494,0.593891402714932,0.381941091260261,"1:2:3:4:5","6",TRUE,561,10,401
"92A",0.584220319187379,0.617647058823529,0.385665529010239,"1:2:3:4:5","6",TRUE,568,10,402
"92A",0.559209779112722,0.584841628959276,0.39461655662773,"1:2:3:4:5","6",TRUE,548,10,403
"92A",0.613166977882509,0.606334841628959,0.391964723174914,"1:2:3:4:5","6",TRUE,572,10,404
"92A",0.593714092771661,0.593891402714932,0.394594594594595,"1:2:3:4:5","6",TRUE,567,10,405
"92A",0.552807921196648,0.600678733031674,0.389278557114228,"1:2:3:4:5","6",TRUE,562,10,406
"92A",0.578863621899639,0.610859728506787,0.387826961770624,"1:2:3:4:5","6",TRUE,563,10,407
"92A",0.56698994546104,0.619909502262443,0.383527033855483,"1:2:3:4:5","6",TRUE,550,10,408
"92A",0.494959263686908,0.590497737556561,0.387387387387387,"1:2:3:4:5","6",TRUE,561,10,409
"92A",0.527925034803349,0.591628959276018,0.39000489955904,"1:2:3:4:5","6",TRUE,574,10,410
"92A",0.634717186472483,0.599547511312217,0.395822973644953,"1:2:3:4:5","6",TRUE,557,10,411
"92A",0.490420998141777,0.559954751131222,0.394352482960078,"1:2:3:4:5","6",TRUE,561,10,412
"92A",0.676991254316092,0.559954751131222,0.409021794221997,"1:2:3:4:5","6",TRUE,550,10,413
"92A",0.684831232099287,0.590497737556561,0.401911468812877,"1:2:3:4:5","6",TRUE,565,10,414
"92A",0.540223232596773,0.599547511312217,0.388618677042802,"1:2:3:4:5","6",TRUE,557,10,415
"92A",0.808333837468319,0.589366515837104,0.409403063919704,"1:2:3:4:5","6",TRUE,538,10,416
"92A",0.532810355792739,0.59841628959276,0.388354430379747,"1:2:3:4:5","6",TRUE,546,10,417
"92A",0.663104779503368,0.6210407239819,0.389830508474576,"1:2:3:4:5","6",TRUE,545,10,418
"92A",0.817694843665598,0.604072398190045,0.404997397188964,"1:2:3:4:5","6",TRUE,542,10,419
"92A",0.402309655692683,0.607466063348416,0.37246963562753,"1:2:3:4:5","6",TRUE,550,10,420
"92A",0.597829935262852,0.608597285067873,0.390074441687345,"1:2:3:4:5","6",TRUE,556,10,421
"92A",0.611756592090996,0.611990950226244,0.389797882579403,"1:2:3:4:5","6",TRUE,580,10,422
"92A",0.501845526322076,0.60972850678733,0.381899552461462,"1:2:3:4:5","6",TRUE,569,10,423
"92A",0.640590742354438,0.631221719457014,0.384143222506394,"1:2:3:4:5","6",TRUE,547,10,424
"92A",0.415491225081813,0.604072398190045,0.375121477162293,"1:2:3:4:5","6",TRUE,579,10,425
"92A",0.526710719625056,0.632352941176471,0.375190645653279,"1:2:3:4:5","6",TRUE,549,10,426
"92A",0.493820775252171,0.588235294117647,0.387991927346115,"1:2:3:4:5","6",TRUE,560,10,427
"92A",0.576203719768409,0.589366515837104,0.394671928959053,"1:2:3:4:5","6",TRUE,561,10,428
"92A",0.525499197573165,0.600678733031674,0.38695219123506,"1:2:3:4:5","6",TRUE,559,10,429
"92A",0.645031550866388,0.607466063348416,0.39380081300813,"1:2:3:4:5","6",TRUE,553,10,430
"92A",0.527925034803349,0.558823529411765,0.398017736045905,"1:2:3:4:5","6",TRUE,539,10,431
"92A",0.54522235884231,0.60972850678733,0.385535900104058,"1:2:3:4:5","6",TRUE,543,10,432
"92A",0.483691501478219,0.548642533936652,0.395687061183551,"1:2:3:4:5","6",TRUE,557,10,433
"92A",0.643547871269746,0.607466063348416,0.393639207507821,"1:2:3:4:5","6",TRUE,553,10,434
"92A",0.49953952550511,0.611990950226244,0.380811078140455,"1:2:3:4:5","6",TRUE,566,10,435
"92A",0.527925034803349,0.567873303167421,0.396132870599901,"1:2:3:4:5","6",TRUE,562,10,436
"92A",0.564384603360997,0.59841628959276,0.390895596239485,"1:2:3:4:5","6",TRUE,552,10,437
"92A",0.427132931440946,0.573529411764706,0.384962406015038,"1:2:3:4:5","6",TRUE,547,10,438
"92A",0.606147415604001,0.580316742081448,0.399408284023669,"1:2:3:4:5","6",TRUE,562,10,439
"92A",0.633257231625401,0.60972850678733,0.392119173474291,"1:2:3:4:5","6",TRUE,570,10,440
"92A",0.578863621899639,0.569004524886878,0.400102197240675,"1:2:3:4:5","6",TRUE,548,10,441
"92A",0.581535802811976,0.601809954751131,0.391151332327803,"1:2:3:4:5","6",TRUE,557,10,442
"92A",0.420302870657715,0.573529411764706,0.384194831013916,"1:2:3:4:5","6",TRUE,553,10,443
"92A",0.732127059368483,0.619909502262443,0.394449950445986,"1:2:3:4:5","6",TRUE,565,10,444
"92A",0.614580615274587,0.588235294117647,0.397838899803536,"1:2:3:4:5","6",TRUE,563,10,445
"92A",0.611756592090996,0.566742081447964,0.403066271018793,"1:2:3:4:5","6",TRUE,570,10,446
"92A",0.470508265033253,0.60972850678733,0.378968253968254,"1:2:3:4:5","6",TRUE,559,10,447
"92A",0.580198173971666,0.611990950226244,0.387562189054726,"1:2:3:4:5","6",TRUE,559,10,448
"92A",0.666165838909474,0.561085972850679,0.408102766798419,"1:2:3:4:5","6",TRUE,568,10,449
"92A",0.436077778284881,0.580316742081448,0.38427734375,"1:2:3:4:5","6",TRUE,561,10,450
"92A",0.526710719625056,0.613122171945701,0.382839939789262,"1:2:3:4:5","6",TRUE,547,10,451
"92A",0.433075540786454,0.593891402714932,0.38019801980198,"1:2:3:4:5","6",TRUE,566,10,452
"92A",1.06807773098597,0.617647058823529,0.410440122824974,"1:2:3:4:5","6",TRUE,548,10,453
"92A",0.561791232914972,0.58710407239819,0.394103194103194,"1:2:3:4:5","6",TRUE,562,10,454
"92A",0.50882759606009,0.567873303167421,0.394430379746835,"1:2:3:4:5","6",TRUE,557,10,455
"92A",0.526710719625056,0.588235294117647,0.390860476421974,"1:2:3:4:5","6",TRUE,577,10,456
"92A",0.74918221453722,0.635746606334842,0.388582874311467,"1:2:3:4:5","6",TRUE,547,10,457
"92A",0.475957041987391,0.590497737556561,0.385591070522577,"1:2:3:4:5","6",TRUE,554,10,458
"92A",0.610349450420829,0.57579185520362,0.400894187779434,"1:2:3:4:5","6",TRUE,559,10,459
"92A",0.601974310274355,0.583710407239819,0.398251578436134,"1:2:3:4:5","6",TRUE,573,10,460
"92A",0.804619510266393,0.617647058823529,0.399312377210216,"1:2:3:4:5","6",TRUE,565,10,461
"92A",0.768402127887986,0.6210407239819,0.396004098360656,"1:2:3:4:5","6",TRUE,559,10,462
"92A",0.618841112105309,0.585972850678733,0.398769861609431,"1:2:3:4:5","6",TRUE,546,10,463
"92A",0.380678242670776,0.597285067873303,0.373112518265952,"1:2:3:4:5","6",TRUE,564,10,464
"92A",0.475957041987391,0.592760180995475,0.384966988318944,"1:2:3:4:5","6",TRUE,553,10,465
"92A",0.546479352028926,0.563348416289593,0.398705823792932,"1:2:3:4:5","6",TRUE,561,10,466
"92A",0.568297123141423,0.580316742081448,0.396543209876543,"1:2:3:4:5","6",TRUE,568,10,467
"92A",0.610349450420829,0.583710407239819,0.398829839102877,"1:2:3:4:5","6",TRUE,575,10,468
"92A",0.582876515513965,0.588235294117647,0.3955,"1:2:3:4:5","6",TRUE,551,10,469
"92A",0.541468700453352,0.613122171945701,0.384083044982699,"1:2:3:4:5","6",TRUE,562,10,470
"92A",0.65100055397578,0.608597285067873,0.393746946751343,"1:2:3:4:5","6",TRUE,568,10,471
"92A",0.523084507164744,0.579185520361991,0.393075356415479,"1:2:3:4:5","6",TRUE,555,10,472
"92A",0.480361460747596,0.571266968325792,0.390991854336368,"1:2:3:4:5","6",TRUE,564,10,473
"92A",0.552807921196648,0.599547511312217,0.389603705609882,"1:2:3:4:5","6",TRUE,536,10,474
"92A",0.676991254316092,0.610859728506787,0.394602851323829,"1:2:3:4:5","6",TRUE,558,10,475
"92A",0.717109636462622,0.615384615384615,0.395337301587302,"1:2:3:4:5","6",TRUE,553,10,476
"92A",0.482578930766215,0.582579185520362,0.388438133874239,"1:2:3:4:5","6",TRUE,554,10,477
"92A",0.932388610276554,0.614253393665158,0.406559083810515,"1:2:3:4:5","6",TRUE,555,10,478
"92A",0.56698994546104,0.593891402714932,0.392574257425743,"1:2:3:4:5","6",TRUE,558,10,479
"92A",0.54773924317423,0.601809954751131,0.38851870835469,"1:2:3:4:5","6",TRUE,554,10,480
"92A",0.666165838909474,0.630090497737557,0.386295928500497,"1:2:3:4:5","6",TRUE,556,10,481
"92A",0.424192275972032,0.580316742081448,0.382999511480215,"1:2:3:4:5","6",TRUE,558,10,482
"92A",0.456631593884377,0.559954751131222,0.390940423436731,"1:2:3:4:5","6",TRUE,575,10,483
"92A",0.606147415604001,0.608597285067873,0.390690376569038,"1:2:3:4:5","6",TRUE,538,10,484
"92A",0.569607314479282,0.581447963800905,0.396326727887869,"1:2:3:4:5","6",TRUE,568,10,485
"92A",0.680116417202758,0.618778280542986,0.391852570320078,"1:2:3:4:5","6",TRUE,575,10,486
"92A",0.71546016530924,0.617647058823529,0.394409937888199,"1:2:3:4:5","6",TRUE,541,10,487
"92A",0.640590742354438,0.59841628959276,0.39656862745098,"1:2:3:4:5","6",TRUE,571,10,488
"92A",0.430093972605396,0.582579185520362,0.383052527254708,"1:2:3:4:5","6",TRUE,552,10,489
"92A",0.704019613534041,0.593891402714932,0.402067183462532,"1:2:3:4:5","6",TRUE,549,10,490
"92A",0.618841112105309,0.57579185520362,0.401522842639594,"1:2:3:4:5","6",TRUE,547,10,491
"92A",0.392246751853721,0.608597285067873,0.370983446932814,"1:2:3:4:5","6",TRUE,570,10,492
"92A",0.574878355603847,0.60972850678733,0.387935262383521,"1:2:3:4:5","6",TRUE,560,10,493
"92A",0.507657208159733,0.580316742081448,0.391367604267701,"1:2:3:4:5","6",TRUE,571,10,494
"92A",0.59508288214229,0.566742081447964,0.401901901901902,"1:2:3:4:5","6",TRUE,553,10,495
"92A",0.518288362168134,0.597285067873303,0.387481371087928,"1:2:3:4:5","6",TRUE,561,10,496
"92A",0.582876515513965,0.584841628959276,0.396482412060301,"1:2:3:4:5","6",TRUE,562,10,497
"92A",0.493820775252171,0.589366515837104,0.387662988966901,"1:2:3:4:5","6",TRUE,554,10,498
"92A",0.554082402661288,0.607466063348416,0.387128712871287,"1:2:3:4:5","6",TRUE,562,10,499
"92A",0.742312986944765,0.607466063348416,0.399797570850202,"1:2:3:4:5","6",TRUE,547,10,500
"92A",0.578863621899639,0.60972850678733,0.388265306122449,"1:2:3:4:5","6",TRUE,557,10,501
"92A",0.458739520834672,0.583710407239819,0.385749385749386,"1:2:3:4:5","6",TRUE,567,10,502
"92A",0.568297123141423,0.601809954751131,0.39014968614196,"1:2:3:4:5","6",TRUE,567,10,503
"92A",0.541468700453352,0.588235294117647,0.392166836215666,"1:2:3:4:5","6",TRUE,557,10,504
"92A",0.757858208326048,0.590497737556561,0.406342913776016,"1:2:3:4:5","6",TRUE,564,10,505
"92A",0.733814955527616,0.602941176470588,0.400896414342629,"1:2:3:4:5","6",TRUE,549,10,506
"92A",0.470508265033253,0.589366515837104,0.385436893203883,"1:2:3:4:5","6",TRUE,577,10,507
"92A",1.03896677653223,0.619909502262443,0.408450704225352,"1:2:3:4:5","6",TRUE,541,10,508
"92A",0.570920526422511,0.600678733031674,0.390709046454768,"1:2:3:4:5","6",TRUE,566,10,509
"92A",0.840605949091369,0.605203619909502,0.405775819872736,"1:2:3:4:5","6",TRUE,565,10,510
"92A",0.282192231929897,0.576923076923077,0.364218827008378,"1:2:3:4:5","6",TRUE,563,10,511
"92A",0.620267831037318,0.610859728506787,0.390821256038647,"1:2:3:4:5","6",TRUE,572,10,512
"92A",0.720419995949922,0.602941176470588,0.400100401606426,"1:2:3:4:5","6",TRUE,559,10,513
"92A",0.649503144681553,0.593891402714932,0.398561890087314,"1:2:3:4:5","6",TRUE,537,10,514
"92A",0.747458971132484,0.599547511312217,0.40279860069965,"1:2:3:4:5","6",TRUE,560,10,515
"92A",0.627450916467093,0.605203619909502,0.393323657474601,"1:2:3:4:5","6",TRUE,573,10,516
"92A",0.41837156169455,0.591628959276018,0.379310344827586,"1:2:3:4:5","6",TRUE,546,10,517
"92A",0.639117277354234,0.583710407239819,0.400870406189555,"1:2:3:4:5","6",TRUE,568,10,518
"92A",0.452444753509056,0.584841628959276,0.384810126582278,"1:2:3:4:5","6",TRUE,559,10,519
"92A",0.735506743078835,0.614253393665158,0.396889111891621,"1:2:3:4:5","6",TRUE,556,10,520
"92A",0.585567220958357,0.592760180995475,0.39437984496124,"1:2:3:4:5","6",TRUE,571,10,521
"92A",0.481468919151456,0.574660633484163,0.390255905511811,"1:2:3:4:5","6",TRUE,558,10,522
"92A",0.557923503831462,0.585972850678733,0.394135188866799,"1:2:3:4:5","6",TRUE,554,10,523
"92A",0.584220319187379,0.614253393665158,0.386965376782077,"1:2:3:4:5","6",TRUE,550,10,524
"92A",0.825261641069257,0.59841628959276,0.407388404309903,"1:2:3:4:5","6",TRUE,550,10,525
"92A",0.664633546943533,0.596153846153846,0.398890569843671,"1:2:3:4:5","6",TRUE,559,10,526
"92A",0.452444753509056,0.592760180995475,0.382587064676617,"1:2:3:4:5","6",TRUE,564,10,527
"92A",0.643547871269746,0.588235294117647,0.3998998998999,"1:2:3:4:5","6",TRUE,558,10,528
"92A",0.47705434614082,0.599547511312217,0.38298918387414,"1:2:3:4:5","6",TRUE,568,10,529
"92A",0.47705434614082,0.581447963800905,0.388177339901478,"1:2:3:4:5","6",TRUE,557,10,530
"92A",0.681684404444414,0.627828054298643,0.388206388206388,"1:2:3:4:5","6",TRUE,556,10,531
"92A",0.623131144252951,0.599547511312217,0.394995093228656,"1:2:3:4:5","6",TRUE,561,10,532
"92A",0.648009179677167,0.608597285067873,0.3935546875,"1:2:3:4:5","6",TRUE,566,10,533
"92A",0.742312986944765,0.592760180995475,0.404727448142788,"1:2:3:4:5","6",TRUE,563,10,534
"92A",0.599208213580301,0.610859728506787,0.389336016096579,"1:2:3:4:5","6",TRUE,561,10,535
"92A",0.501845526322076,0.597285067873303,0.385982230997038,"1:2:3:4:5","6",TRUE,565,10,536
"92A",0.554082402661288,0.613122171945701,0.385048643113159,"1:2:3:4:5","6",TRUE,551,10,537
"92A",0.678552036591935,0.58710407239819,0.402540302882267,"1:2:3:4:5","6",TRUE,562,10,538
"92A",0.708900134099903,0.588235294117647,0.404085700049826,"1:2:3:4:5","6",TRUE,557,10,539
"92A",0.50882759606009,0.583710407239819,0.390617283950617,"1:2:3:4:5","6",TRUE,563,10,540
"92A",0.523084507164744,0.580316742081448,0.392749244712991,"1:2:3:4:5","6",TRUE,553,10,541
"92A",0.775512779583187,0.631221719457014,0.392023346303502,"1:2:3:4:5","6",TRUE,565,10,542
"92A",0.601974310274355,0.597285067873303,0.394197098549275,"1:2:3:4:5","6",TRUE,555,10,543
"92A",0.648009179677167,0.606334841628959,0.394387001477105,"1:2:3:4:5","6",TRUE,558,10,544
"92A",0.614580615274587,0.56447963800905,0.40381717729784,"1:2:3:4:5","6",TRUE,558,10,545
"92A",0.54522235884231,0.604072398190045,0.387531172069825,"1:2:3:4:5","6",TRUE,561,10,546
"92A",0.764871288532589,0.607466063348416,0.400992555831266,"1:2:3:4:5","6",TRUE,563,10,547
"92A",0.521881326003206,0.570135746606335,0.395149065184437,"1:2:3:4:5","6",TRUE,555,10,548
"92A",0.613166977882509,0.590497737556561,0.397088353413655,"1:2:3:4:5","6",TRUE,564,10,549
"92A",0.459797130528716,0.582579185520362,0.386158475426279,"1:2:3:4:5","6",TRUE,560,10,550
"92A",0.683256006631875,0.606334841628959,0.396645288603848,"1:2:3:4:5","6",TRUE,560,10,551
"92A",0.493820775252171,0.588235294117647,0.38792270531401,"1:2:3:4:5","6",TRUE,573,10,552
"92A",0.628897485035209,0.626696832579186,0.385229540918164,"1:2:3:4:5","6",TRUE,548,10,553
"92A",0.804619510266393,0.627828054298643,0.395010395010395,"1:2:3:4:5","6",TRUE,549,10,554
"92A",0.675434062098463,0.593891402714932,0.400301356102461,"1:2:3:4:5","6",TRUE,550,10,555
"92A",0.610349450420829,0.566742081447964,0.403022670025189,"1:2:3:4:5","6",TRUE,559,10,556
"92A",0.56308642512531,0.604072398190045,0.38894523326572,"1:2:3:4:5","6",TRUE,545,10,557
"92A",0.57753213951882,0.593891402714932,0.393410852713178,"1:2:3:4:5","6",TRUE,573,10,558
"92A",0.51235497441619,0.583710407239819,0.390868038133467,"1:2:3:4:5","6",TRUE,553,10,559
"92A",0.584220319187379,0.588235294117647,0.395632300660234,"1:2:3:4:5","6",TRUE,555,10,560
"92A",0.453487850812859,0.607466063348416,0.378005115089514,"1:2:3:4:5","6",TRUE,541,10,561
"92A",0.576203719768409,0.590497737556561,0.394344473007712,"1:2:3:4:5","6",TRUE,545,10,562
"92A",0.874166500144188,0.65158371040724,0.387016848364718,"1:2:3:4:5","6",TRUE,567,10,563
"92A",0.491551648496152,0.579185520361991,0.390145801910508,"1:2:3:4:5","6",TRUE,553,10,564
"92A",0.412630718543016,0.57579185520362,0.382796780684105,"1:2:3:4:5","6",TRUE,556,10,565
"92A",0.47486226181559,0.578054298642534,0.388807785888078,"1:2:3:4:5","6",TRUE,571,10,566
"92A",0.74918221453722,0.613122171945701,0.39807789580172,"1:2:3:4:5","6",TRUE,564,10,567
"92A",0.493820775252171,0.582579185520362,0.389442231075697,"1:2:3:4:5","6",TRUE,571,10,568
"92A",0.983103539989941,0.606334841628959,0.41162109375,"1:2:3:4:5","6",TRUE,575,10,569
"92A",0.482578930766215,0.600678733031674,0.38313982836951,"1:2:3:4:5","6",TRUE,553,10,570
"92A",0.607544869613622,0.611990950226244,0.389516957862282,"1:2:3:4:5","6",TRUE,547,10,571
"92A",0.599208213580301,0.571266968325792,0.401171303074671,"1:2:3:4:5","6",TRUE,571,10,572
"92A",0.664633546943533,0.6210407239819,0.38989898989899,"1:2:3:4:5","6",TRUE,554,10,573
"92A",0.479256549681823,0.599547511312217,0.383168316831683,"1:2:3:4:5","6",TRUE,557,10,574
"92A",0.530362070311845,0.602941176470588,0.386646736422521,"1:2:3:4:5","6",TRUE,561,10,575
"92A",0.484806637187388,0.613122171945701,0.379120879120879,"1:2:3:4:5","6",TRUE,557,10,576
"92A",0.450365751273308,0.592760180995475,0.382323733862959,"1:2:3:4:5","6",TRUE,565,10,577
"92A",0.606147415604001,0.578054298642534,0.4,"1:2:3:4:5","6",TRUE,559,10,578
"92A",0.534038733492459,0.566742081447964,0.396899224806202,"1:2:3:4:5","6",TRUE,541,10,579
"92A",0.521881326003206,0.600678733031674,0.386706948640483,"1:2:3:4:5","6",TRUE,560,10,580
"92A",0.626007675246712,0.614253393665158,0.389959432048682,"1:2:3:4:5","6",TRUE,560,10,581
"92A",0.593714092771661,0.613122171945701,0.388134741075918,"1:2:3:4:5","6",TRUE,565,10,582
"92A",0.513536192870506,0.616515837104072,0.380440348182284,"1:2:3:4:5","6",TRUE,547,10,583
"92A",0.646518651040184,0.597285067873303,0.397294589178357,"1:2:3:4:5","6",TRUE,555,10,584
"92A",0.53526994317875,0.618778280542986,0.381453634085213,"1:2:3:4:5","6",TRUE,556,10,585
"92A",0.68641008920001,0.591628959276018,0.401663405088063,"1:2:3:4:5","6",TRUE,563,10,586
"92A",0.573556039996782,0.585972850678733,0.395408163265306,"1:2:3:4:5","6",TRUE,549,10,587
"92A",0.530362070311845,0.60972850678733,0.384390243902439,"1:2:3:4:5","6",TRUE,555,10,588
"92A",0.498390501708192,0.583710407239819,0.3896484375,"1:2:3:4:5","6",TRUE,576,10,589
"92A",0.568297123141423,0.60972850678733,0.387461459403905,"1:2:3:4:5","6",TRUE,542,10,590
"92A",0.771949266491036,0.588235294117647,0.407771765863256,"1:2:3:4:5","6",TRUE,568,10,591
"92A",0.614580615274587,0.591628959276018,0.396817503729488,"1:2:3:4:5","6",TRUE,560,10,592
"92A",0.54773924317423,0.585972850678733,0.393307468477207,"1:2:3:4:5","6",TRUE,563,10,593
"92A",0.568297123141423,0.613122171945701,0.386138613861386,"1:2:3:4:5","6",TRUE,560,10,594
"92A",0.415491225081813,0.595022624434389,0.377952755905512,"1:2:3:4:5","6",TRUE,573,10,595
"92A",0.503002515570756,0.579185520361991,0.391215526046987,"1:2:3:4:5","6",TRUE,546,10,596
"92A",0.473769999819839,0.588235294117647,0.386046511627907,"1:2:3:4:5","6",TRUE,545,10,597
"92A",0.455581265449871,0.566742081447964,0.389473684210526,"1:2:3:4:5","6",TRUE,553,10,598
"92A",0.91326341350373,0.58710407239819,0.415094339622642,"1:2:3:4:5","6",TRUE,552,10,599
"92A",0.747458971132484,0.614253393665158,0.397536945812808,"1:2:3:4:5","6",TRUE,561,10,600
"92A",1.00369130073055,0.600678733031674,0.414476945959346,"1:2:3:4:5","6",TRUE,566,10,601
"92A",0.71217259644756,0.59841628959276,0.401168451801363,"1:2:3:4:5","6",TRUE,564,10,602
"92A",0.498390501708192,0.582579185520362,0.389872173058014,"1:2:3:4:5","6",TRUE,570,10,603
"92A",0.555359822403296,0.597285067873303,0.390562248995984,"1:2:3:4:5","6",TRUE,551,10,604
"92A",0.417409237682542,0.596153846153846,0.37786445636275,"1:2:3:4:5","6",TRUE,564,10,605
"92A",0.434073982972895,0.585972850678733,0.382533197139939,"1:2:3:4:5","6",TRUE,546,10,606
"92A",0.596454827214229,0.610859728506787,0.389138016940708,"1:2:3:4:5","6",TRUE,552,10,607
"92A",0.646518651040184,0.58710407239819,0.400406504065041,"1:2:3:4:5","6",TRUE,545,10,608
"92A",0.450365751273308,0.582579185520362,0.385225582548339,"1:2:3:4:5","6",TRUE,566,10,609
"92A",0.678552036591935,0.600678733031674,0.398296593186373,"1:2:3:4:5","6",TRUE,551,10,610
"92A",0.437083142036476,0.591628959276018,0.381326781326781,"1:2:3:4:5","6",TRUE,559,10,611
"92A",0.699172693583905,0.581447963800905,0.405419222903885,"1:2:3:4:5","6",TRUE,555,10,612
"92A",0.630347388622156,0.608597285067873,0.392417528311177,"1:2:3:4:5","6",TRUE,564,10,613
"92A",0.541468700453352,0.617647058823529,0.382381413359148,"1:2:3:4:5","6",TRUE,573,10,614
"92A",0.51235497441619,0.589366515837104,0.389305347326337,"1:2:3:4:5","6",TRUE,561,10,615
"92A",0.636180507200044,0.608597285067873,0.392747701736466,"1:2:3:4:5","6",TRUE,553,10,616
"92A",0.608945545409989,0.604072398190045,0.392489711934156,"1:2:3:4:5","6",TRUE,551,10,617
"92A",0.691168534124775,0.59841628959276,0.39980732177264,"1:2:3:4:5","6",TRUE,575,10,618
"92A",0.59508288214229,0.604072398190045,0.391434262948207,"1:2:3:4:5","6",TRUE,560,10,619
"92A",0.53774088464233,0.602941176470588,0.387306346826587,"1:2:3:4:5","6",TRUE,553,10,620
"92A",0.572236765935022,0.613122171945701,0.386521308225966,"1:2:3:4:5","6",TRUE,555,10,621
"92A",0.574878355603847,0.592760180995475,0.393532338308458,"1:2:3:4:5","6",TRUE,560,10,622
"92A",0.432079395182714,0.602941176470588,0.377263581488934,"1:2:3:4:5","6",TRUE,553,10,623
"92A",0.43910082838792,0.582579185520362,0.384050880626223,"1:2:3:4:5","6",TRUE,573,10,624
"92A",0.617417674863579,0.600678733031674,0.394167923579688,"1:2:3:4:5","6",TRUE,555,10,625
"92A",0.507657208159733,0.590497737556561,0.388557213930348,"1:2:3:4:5","6",TRUE,562,10,626
"92A",0.534038733492459,0.581447963800905,0.393434343434343,"1:2:3:4:5","6",TRUE,548,10,627
"92A",0.617417674863579,0.581447963800905,0.399900645802285,"1:2:3:4:5","6",TRUE,564,10,628
"92A",0.409789905555284,0.590497737556561,0.378654970760234,"1:2:3:4:5","6",TRUE,570,10,629
"92A",0.515906805844732,0.582579185520362,0.391478696741855,"1:2:3:4:5","6",TRUE,558,10,630
"92A",0.675434062098463,0.636877828054299,0.383823529411765,"1:2:3:4:5","6",TRUE,565,10,631
"92A",0.900731725184084,0.624434389140271,0.400997506234414,"1:2:3:4:5","6",TRUE,557,10,632
"92A",0.704019613534041,0.589366515837104,0.403482587064677,"1:2:3:4:5","6",TRUE,556,10,633
"92A",0.664633546943533,0.614253393665158,0.392574257425743,"1:2:3:4:5","6",TRUE,561,10,634
"92A",0.784493697613891,0.602941176470588,0.403688524590164,"1:2:3:4:5","6",TRUE,553,10,635
"92A",0.917479268446371,0.636877828054299,0.396178984414279,"1:2:3:4:5","6",TRUE,561,10,636
"92A",0.421271865850528,0.572398190045249,0.384540593096743,"1:2:3:4:5","6",TRUE,572,10,637
"92A",0.68957873181116,0.597285067873303,0.400101163378857,"1:2:3:4:5","6",TRUE,561,10,638
"92A",0.568297123141423,0.580316742081448,0.396551724137931,"1:2:3:4:5","6",TRUE,560,10,639
"92A",0.636180507200044,0.607466063348416,0.393223819301848,"1:2:3:4:5","6",TRUE,547,10,640
"92A",0.660057785791029,0.608597285067873,0.39433117851815,"1:2:3:4:5","6",TRUE,553,10,641
"92A",0.636180507200044,0.579185520361991,0.401892430278884,"1:2:3:4:5","6",TRUE,556,10,642
"92A",0.750909430826014,0.608597285067873,0.399900149775337,"1:2:3:4:5","6",TRUE,558,10,643
"92A",0.521881326003206,0.599547511312217,0.387080366225839,"1:2:3:4:5","6",TRUE,545,10,644
"92A",0.9217145848419,0.599547511312217,0.411502231036192,"1:2:3:4:5","6",TRUE,561,10,645
"92A",0.504162172222157,0.615384615384615,0.380049875311721,"1:2:3:4:5","6",TRUE,558,10,646
"92A",0.780888916834316,0.60972850678733,0.401080019636721,"1:2:3:4:5","6",TRUE,567,10,647
"92A",0.681684404444414,0.578054298642534,0.405238828967643,"1:2:3:4:5","6",TRUE,550,10,648
"92A",0.465121865915089,0.582579185520362,0.386756238003839,"1:2:3:4:5","6",TRUE,577,10,649
"92A",0.74918221453722,0.583710407239819,0.407796101949025,"1:2:3:4:5","6",TRUE,562,10,650
"92A",0.597829935262852,0.615384615384615,0.387573964497041,"1:2:3:4:5","6",TRUE,564,10,651
"92A",0.520680912357982,0.597285067873303,0.387643248629796,"1:2:3:4:5","6",TRUE,559,10,652
"92A",0.49953952550511,0.599547511312217,0.38504016064257,"1:2:3:4:5","6",TRUE,560,10,653
"92A",0.707269546164153,0.590497737556561,0.4033177812338,"1:2:3:4:5","6",TRUE,547,10,654
"92A",0.56698994546104,0.622171945701357,0.382642998027613,"1:2:3:4:5","6",TRUE,565,10,655
"92A",0.556640187196779,0.59841628959276,0.390344119157678,"1:2:3:4:5","6",TRUE,551,10,656
"92A",0.496100376871312,0.570135746606335,0.392732702837232,"1:2:3:4:5","6",TRUE,557,10,657
"92A",0.597829935262852,0.601809954751131,0.392361111111111,"1:2:3:4:5","6",TRUE,560,10,658
"92A",0.808333837468319,0.601809954751131,0.405340963280877,"1:2:3:4:5","6",TRUE,572,10,659
"92A",0.585567220958357,0.578054298642534,0.398467432950192,"1:2:3:4:5","6",TRUE,568,10,660
"92A",0.82146952991413,0.607466063348416,0.403960396039604,"1:2:3:4:5","6",TRUE,571,10,661
"92A",0.513536192870506,0.599547511312217,0.386351975371986,"1:2:3:4:5","6",TRUE,543,10,662
"92A",0.406032555111389,0.60972850678733,0.372127872127872,"1:2:3:4:5","6",TRUE,565,10,663
"92A",0.764871288532589,0.597285067873303,0.404527559055118,"1:2:3:4:5","6",TRUE,559,10,664
"92A",0.519483259863327,0.585972850678733,0.39087788131437,"1:2:3:4:5","6",TRUE,562,10,665
"92A",0.862171294864634,0.590497737556561,0.411678115799804,"1:2:3:4:5","6",TRUE,567,10,666
"92A",0.523084507164744,0.593891402714932,0.388915662650602,"1:2:3:4:5","6",TRUE,569,10,667
"92A",0.621697839225438,0.585972850678733,0.399017199017199,"1:2:3:4:5","6",TRUE,565,10,668
"92A",0.623131144252951,0.592760180995475,0.397081026673377,"1:2:3:4:5","6",TRUE,559,10,669
"92A",0.675434062098463,0.610859728506787,0.394490900147565,"1:2:3:4:5","6",TRUE,563,10,670
"92A",0.415491225081813,0.581447963800905,0.381694255111977,"1:2:3:4:5","6",TRUE,563,10,671
"92A",0.568297123141423,0.606334841628959,0.388635210553019,"1:2:3:4:5","6",TRUE,549,10,672
"92A",0.435074727036735,0.58710407239819,0.382414151925078,"1:2:3:4:5","6",TRUE,535,10,673
"92A",0.672330414825923,0.601809954751131,0.3975,"1:2:3:4:5","6",TRUE,564,10,674
"92A",0.549002038959374,0.592760180995475,0.391412880678982,"1:2:3:4:5","6",TRUE,563,10,675
"92A",0.623131144252951,0.571266968325792,0.402917505030181,"1:2:3:4:5","6",TRUE,560,10,676
"92A",0.496100376871312,0.616515837104072,0.378839590443686,"1:2:3:4:5","6",TRUE,565,10,677
"92A",0.57753213951882,0.601809954751131,0.390857729840781,"1:2:3:4:5","6",TRUE,543,10,678
"92A",0.406968650535655,0.572398190045249,0.382868937048504,"1:2:3:4:5","6",TRUE,547,10,679
"92A",0.744024366443044,0.57579185520362,0.409632571996028,"1:2:3:4:5","6",TRUE,562,10,680
"92A",0.469426017952558,0.611990950226244,0.378035902851109,"1:2:3:4:5","6",TRUE,538,10,681
"92A",0.673880451681319,0.585972850678733,0.40253164556962,"1:2:3:4:5","6",TRUE,549,10,682
"92A",0.623131144252951,0.596153846153846,0.396049896049896,"1:2:3:4:5","6",TRUE,546,10,683
"92A",0.91326341350373,0.595022624434389,0.412580485388806,"1:2:3:4:5","6",TRUE,563,10,684
"92A",0.658539543360767,0.623303167420814,0.388577256501785,"1:2:3:4:5","6",TRUE,562,10,685
"92A",0.450365751273308,0.60972850678733,0.376968503937008,"1:2:3:4:5","6",TRUE,558,10,686
"92A",0.960723158960983,0.614253393665158,0.407669021190716,"1:2:3:4:5","6",TRUE,556,10,687
"92A",0.370302680422431,0.581447963800905,0.37625250501002,"1:2:3:4:5","6",TRUE,551,10,688
"92A",0.9217145848419,0.607466063348416,0.408607594936709,"1:2:3:4:5","6",TRUE,552,10,689
"92A",0.482578930766215,0.585972850678733,0.38751887267237,"1:2:3:4:5","6",TRUE,553,10,690
"92A",0.676991254316092,0.593891402714932,0.4004004004004,"1:2:3:4:5","6",TRUE,558,10,691
"92A",0.487044627264939,0.599547511312217,0.38391959798995,"1:2:3:4:5","6",TRUE,552,10,692
"92A",0.791753257730084,0.600678733031674,0.40482046237088,"1:2:3:4:5","6",TRUE,560,10,693
"92A",0.51709621293591,0.622171945701357,0.378606965174129,"1:2:3:4:5","6",TRUE,573,10,694
"92A",0.57753213951882,0.6289592760181,0.380658436213992,"1:2:3:4:5","6",TRUE,539,10,695
"92A",0.559209779112722,0.617647058823529,0.383726770467102,"1:2:3:4:5","6",TRUE,552,10,696
"92A",0.649503144681553,0.604072398190045,0.395242914979757,"1:2:3:4:5","6",TRUE,558,10,697
"92A",0.655513527096113,0.589366515837104,0.400397416790859,"1:2:3:4:5","6",TRUE,563,10,698
"92A",0.368601124388172,0.60972850678733,0.367624810892587,"1:2:3:4:5","6",TRUE,556,10,699
"92A",0.610349450420829,0.592760180995475,0.396208530805687,"1:2:3:4:5","6",TRUE,579,10,700
"92A",0.756115008695996,0.605203619909502,0.401319127346525,"1:2:3:4:5","6",TRUE,556,10,701
"92A",0.65250141550055,0.631221719457014,0.384890250127616,"1:2:3:4:5","6",TRUE,551,10,702
"92A",0.585567220958357,0.605203619909502,0.390279823269514,"1:2:3:4:5","6",TRUE,566,10,703
"92A",0.626007675246712,0.599547511312217,0.395173453996983,"1:2:3:4:5","6",TRUE,560,10,704
"92A",0.586917227969466,0.585972850678733,0.39647355163728,"1:2:3:4:5","6",TRUE,556,10,705
"92A",0.541468700453352,0.562217194570136,0.398456343463579,"1:2:3:4:5","6",TRUE,574,10,706
"92A",0.518288362168134,0.602941176470588,0.385641025641026,"1:2:3:4:5","6",TRUE,554,10,707
"92A",0.63764720156802,0.590497737556561,0.398791540785498,"1:2:3:4:5","6",TRUE,559,10,708
"92A",0.825261641069257,0.578054298642534,0.413470993117011,"1:2:3:4:5","6",TRUE,556,10,709
"92A",0.473769999819839,0.57579185520362,0.389290882778582,"1:2:3:4:5","6",TRUE,572,10,710
"92A",0.676991254316092,0.60972850678733,0.395024875621891,"1:2:3:4:5","6",TRUE,557,10,711
"92A",0.59098595211649,0.601809954751131,0.391884951206985,"1:2:3:4:5","6",TRUE,550,10,712
"92A",0.56568577450622,0.601809954751131,0.389966871746332,"1:2:3:4:5","6",TRUE,583,10,713
"92A",0.645031550866388,0.60972850678733,0.392984239959329,"1:2:3:4:5","6",TRUE,549,10,714
"92A",0.614580615274587,0.619909502262443,0.387016848364718,"1:2:3:4:5","6",TRUE,566,10,715
"92A",0.511176472960318,0.585972850678733,0.390182186234818,"1:2:3:4:5","6",TRUE,550,10,716
"92A",0.396789212041291,0.550904977375566,0.385858585858586,"1:2:3:4:5","6",TRUE,558,10,717
"92A",0.68641008920001,0.58710407239819,0.403043691703486,"1:2:3:4:5","6",TRUE,557,10,718
"92A",0.670783943312492,0.618778280542986,0.391261659302896,"1:2:3:4:5","6",TRUE,564,10,719
"92A",0.728762905443669,0.606334841628959,0.399408284023669,"1:2:3:4:5","6",TRUE,564,10,720
"92A",0.560499019861628,0.608597285067873,0.387244897959184,"1:2:3:4:5","6",TRUE,545,10,721
"92A",0.54522235884231,0.597285067873303,0.389786347055758,"1:2:3:4:5","6",TRUE,540,10,722
"92A",0.581535802811976,0.615384615384615,0.386317907444668,"1:2:3:4:5","6",TRUE,552,10,723
"92A",0.658539543360767,0.604072398190045,0.395822720326032,"1:2:3:4:5","6",TRUE,543,10,724
"92A",0.406032555111389,0.606334841628959,0.373360242179617,"1:2:3:4:5","6",TRUE,551,10,725
"92A",0.546479352028926,0.602941176470588,0.387978142076503,"1:2:3:4:5","6",TRUE,555,10,726
"92A",0.620267831037318,0.580316742081448,0.400493827160494,"1:2:3:4:5","6",TRUE,561,10,727
"92A",0.56308642512531,0.617647058823529,0.384115884115884,"1:2:3:4:5","6",TRUE,557,10,728
"92A",0.738902028264144,0.617647058823529,0.395697848924462,"1:2:3:4:5","6",TRUE,558,10,729
"92A",0.47705434614082,0.60972850678733,0.379597842079451,"1:2:3:4:5","6",TRUE,558,10,730
"92A",0.510000682253342,0.589366515837104,0.389131489568171,"1:2:3:4:5","6",TRUE,562,10,731
"92A",0.494959263686908,0.565610859728507,0.393669634025717,"1:2:3:4:5","6",TRUE,574,10,732
"92A",0.399539899483022,0.576923076923077,0.380928355196771,"1:2:3:4:5","6",TRUE,551,10,733
"92A",0.507657208159733,0.578054298642534,0.391932270916335,"1:2:3:4:5","6",TRUE,559,10,734
"92A",0.447265146257849,0.576923076923077,0.386318897637795,"1:2:3:4:5","6",TRUE,565,10,735
"92A",0.639117277354234,0.595022624434389,0.397534668721109,"1:2:3:4:5","6",TRUE,544,10,736
"92A",0.838672415927282,0.647058823529412,0.387714987714988,"1:2:3:4:5","6",TRUE,565,10,737
"92A",0.43910082838792,0.583710407239819,0.38375486381323,"1:2:3:4:5","6",TRUE,561,10,738
"92A",0.599208213580301,0.589366515837104,0.396405391912132,"1:2:3:4:5","6",TRUE,563,10,739
"92A",0.628897485035209,0.569004524886878,0.403827281648675,"1:2:3:4:5","6",TRUE,559,10,740
"92A",0.592348451843708,0.602941176470588,0.391598261709319,"1:2:3:4:5","6",TRUE,571,10,741
"92A",0.586917227969466,0.576923076923077,0.398843930635838,"1:2:3:4:5","6",TRUE,547,10,742
"92A",0.607544869613622,0.615384615384615,0.388246628131021,"1:2:3:4:5","6",TRUE,565,10,743
"92A",0.684831232099287,0.588235294117647,0.402622632345799,"1:2:3:4:5","6",TRUE,574,10,744
"92A",0.670783943312492,0.581447963800905,0.403641881638847,"1:2:3:4:5","6",TRUE,557,10,745
"92A",0.57753213951882,0.604072398190045,0.390060240963855,"1:2:3:4:5","6",TRUE,561,10,746
"92A",0.720419995949922,0.618778280542986,0.39422084623323,"1:2:3:4:5","6",TRUE,548,10,747
"92A",0.422243095031612,0.590497737556561,0.380009896091044,"1:2:3:4:5","6",TRUE,555,10,748
"92A",0.39587653101463,0.570135746606335,0.382121807465619,"1:2:3:4:5","6",TRUE,565,10,749
"92A",0.473769999819839,0.608597285067873,0.379656160458453,"1:2:3:4:5","6",TRUE,573,10,750
"92A",0.500691198340646,0.589366515837104,0.388241256969083,"1:2:3:4:5","6",TRUE,558,10,751
"92A",0.492684905529743,0.601809954751131,0.38368580060423,"1:2:3:4:5","6",TRUE,559,10,752
"92A",0.500691198340646,0.567873303167421,0.39364428498206,"1:2:3:4:5","6",TRUE,554,10,753
"92A",0.68799258630666,0.627828054298643,0.388590931253047,"1:2:3:4:5","6",TRUE,566,10,754
"92A",0.880226540944081,0.601809954751131,0.408839779005525,"1:2:3:4:5","6",TRUE,548,10,755
"92A",0.733814955527616,0.606334841628959,0.399698340874811,"1:2:3:4:5","6",TRUE,558,10,756
"92A",0.49953952550511,0.582579185520362,0.390014829461196,"1:2:3:4:5","6",TRUE,569,10,757
"92A",0.582876515513965,0.59841628959276,0.392392392392392,"1:2:3:4:5","6",TRUE,560,10,758
"92A",0.511176472960318,0.588235294117647,0.389526184538653,"1:2:3:4:5","6",TRUE,560,10,759
"92A",0.491551648496152,0.601809954751131,0.383626844359829,"1:2:3:4:5","6",TRUE,571,10,760
"92A",0.732127059368483,0.619909502262443,0.39442436757873,"1:2:3:4:5","6",TRUE,547,10,761
"92A",0.57753213951882,0.601809954751131,0.390821256038647,"1:2:3:4:5","6",TRUE,577,10,762
"92A",0.572236765935022,0.585972850678733,0.395268605224248,"1:2:3:4:5","6",TRUE,569,10,763
"92A",0.655513527096113,0.588235294117647,0.400703871292107,"1:2:3:4:5","6",TRUE,559,10,764
"92A",0.554082402661288,0.584841628959276,0.394164193867458,"1:2:3:4:5","6",TRUE,568,10,765
"92A",0.795408191055561,0.593891402714932,0.407253886010363,"1:2:3:4:5","6",TRUE,550,10,766
"92A",0.550267746080916,0.604072398190045,0.387922210849539,"1:2:3:4:5","6",TRUE,560,10,767
"92A",0.992200998988919,0.614253393665158,0.408953722334004,"1:2:3:4:5","6",TRUE,556,10,768
"92A",0.449329835316494,0.58710407239819,0.383838383838384,"1:2:3:4:5","6",TRUE,549,10,769
"92A",0.844486398798309,0.599547511312217,0.407881773399015,"1:2:3:4:5","6",TRUE,570,10,770
"92A",0.556640187196779,0.606334841628959,0.387734915924827,"1:2:3:4:5","6",TRUE,551,10,771
"92A",0.673880451681319,0.616515837104072,0.392262487757101,"1:2:3:4:5","6",TRUE,569,10,772
"92A",0.56308642512531,0.604072398190045,0.388973191704603,"1:2:3:4:5","6",TRUE,551,10,773
"92A",0.623131144252951,0.578054298642534,0.401212733703891,"1:2:3:4:5","6",TRUE,557,10,774
"92A",0.552807921196648,0.608597285067873,0.386587771203156,"1:2:3:4:5","6",TRUE,560,10,775
"92A",0.47486226181559,0.584841628959276,0.387048192771084,"1:2:3:4:5","6",TRUE,563,10,776
"92A",0.432079395182714,0.590497737556561,0.381048387096774,"1:2:3:4:5","6",TRUE,566,10,777
"92A",0.484806637187388,0.585972850678733,0.38774485183325,"1:2:3:4:5","6",TRUE,543,10,778
"92A",0.519483259863327,0.602941176470588,0.385771543086172,"1:2:3:4:5","6",TRUE,564,10,779
"92A",0.747458971132484,0.595022624434389,0.404255319148936,"1:2:3:4:5","6",TRUE,562,10,780
"92A",0.57753213951882,0.607466063348416,0.388916135360471,"1:2:3:4:5","6",TRUE,553,10,781
"92A",0.51235497441619,0.591628959276018,0.388694347173587,"1:2:3:4:5","6",TRUE,557,10,782
"92A",0.557923503831462,0.611990950226244,0.385786802030457,"1:2:3:4:5","6",TRUE,555,10,783
"92A",0.564384603360997,0.59841628959276,0.390895596239485,"1:2:3:4:5","6",TRUE,558,10,784
"92A",0.375454622610361,0.600678733031674,0.371443089430894,"1:2:3:4:5","6",TRUE,553,10,785
"92A",0.608945545409989,0.56447963800905,0.403439803439803,"1:2:3:4:5","6",TRUE,557,10,786
"92A",0.473769999819839,0.578054298642534,0.388725490196078,"1:2:3:4:5","6",TRUE,565,10,787
"92A",0.702400251605414,0.582579185520362,0.405337361530715,"1:2:3:4:5","6",TRUE,560,10,788
"92A",0.527925034803349,0.597285067873303,0.388324873096447,"1:2:3:4:5","6",TRUE,553,10,789
"92A",0.700784614477921,0.631221719457014,0.387855044074437,"1:2:3:4:5","6",TRUE,567,10,790
"92A",0.613166977882509,0.595022624434389,0.395705521472393,"1:2:3:4:5","6",TRUE,549,10,791
"92A",0.431085540879151,0.597285067873303,0.378937007874016,"1:2:3:4:5","6",TRUE,577,10,792
"92A",0.386864390132073,0.571266968325792,0.380761523046092,"1:2:3:4:5","6",TRUE,563,10,793
"92A",0.47705434614082,0.596153846153846,0.384047267355982,"1:2:3:4:5","6",TRUE,563,10,794
"92A",0.445209944530278,0.576923076923077,0.386123680241327,"1:2:3:4:5","6",TRUE,562,10,795
"92A",0.862171294864634,0.600678733031674,0.408337518834756,"1:2:3:4:5","6",TRUE,562,10,796
"92A",0.681684404444414,0.602941176470588,0.397738446411013,"1:2:3:4:5","6",TRUE,554,10,797
"92A",0.669241028940147,0.589366515837104,0.401299350324838,"1:2:3:4:5","6",TRUE,570,10,798
"92A",0.51235497441619,0.592760180995475,0.388344760039177,"1:2:3:4:5","6",TRUE,573,10,799
"92A",0.68641008920001,0.604072398190045,0.397643593519882,"1:2:3:4:5","6",TRUE,566,10,800
"92A",0.642067604382362,0.599547511312217,0.396281800391389,"1:2:3:4:5","6",TRUE,557,10,801
"92A",0.59098595211649,0.596153846153846,0.393756294058409,"1:2:3:4:5","6",TRUE,555,10,802
"92A",0.542717039697327,0.608597285067873,0.385769603097773,"1:2:3:4:5","6",TRUE,559,10,803
"92A",0.561791232914972,0.585972850678733,0.394458438287154,"1:2:3:4:5","6",TRUE,554,10,804
"92A",0.672330414825923,0.589366515837104,0.401496259351621,"1:2:3:4:5","6",TRUE,564,10,805
"92A",0.54522235884231,0.595022624434389,0.390466531440162,"1:2:3:4:5","6",TRUE,552,10,806
"92A",0.451404055502133,0.579185520361991,0.386168601716305,"1:2:3:4:5","6",TRUE,547,10,807
"92A",0.483691501478219,0.585972850678733,0.387620497209538,"1:2:3:4:5","6",TRUE,550,10,808
"92A",0.766634675493398,0.600678733031674,0.403508771929825,"1:2:3:4:5","6",TRUE,552,10,809
"92A",0.455581265449871,0.595022624434389,0.38220675944334,"1:2:3:4:5","6",TRUE,564,10,810
"92A",0.405098612861925,0.58710407239819,0.378977820636451,"1:2:3:4:5","6",TRUE,568,10,811
"92A",0.546479352028926,0.613122171945701,0.384463137060861,"1:2:3:4:5","6",TRUE,560,10,812
"92A",0.728762905443669,0.595022624434389,0.403233708966193,"1:2:3:4:5","6",TRUE,561,10,813
"92A",0.779092742753225,0.605203619909502,0.402657128257537,"1:2:3:4:5","6",TRUE,548,10,814
"92A",0.511176472960318,0.595022624434389,0.387543252595156,"1:2:3:4:5","6",TRUE,549,10,815
"92A",0.735506743078835,0.59841628959276,0.40251256281407,"1:2:3:4:5","6",TRUE,561,10,816
"92A",0.460857178509007,0.593891402714932,0.383116883116883,"1:2:3:4:5","6",TRUE,562,10,817
"92A",0.413582025827806,0.602941176470588,0.375309866137828,"1:2:3:4:5","6",TRUE,564,10,818
"92A",0.634717186472483,0.638009049773756,0.380763510163609,"1:2:3:4:5","6",TRUE,566,10,819
"92A",0.491551648496152,0.591628959276018,0.38675429726997,"1:2:3:4:5","6",TRUE,550,10,820
"92A",0.473769999819839,0.600678733031674,0.382293762575453,"1:2:3:4:5","6",TRUE,547,10,821
"92A",0.72541420994439,0.607466063348416,0.398788490661282,"1:2:3:4:5","6",TRUE,552,10,822
"92A",0.54522235884231,0.604072398190045,0.387562189054726,"1:2:3:4:5","6",TRUE,553,10,823
"92A",0.832898460221726,0.64027149321267,0.390787518573551,"1:2:3:4:5","6",TRUE,557,10,824
"92A",0.723745636894028,0.633484162895928,0.388223552894212,"1:2:3:4:5","6",TRUE,561,10,825
"92A",0.540223232596773,0.597285067873303,0.389371486969852,"1:2:3:4:5","6",TRUE,561,10,826
"92A",0.707269546164153,0.59841628959276,0.400885391047713,"1:2:3:4:5","6",TRUE,566,10,827
"92A",0.669241028940147,0.610859728506787,0.394160583941606,"1:2:3:4:5","6",TRUE,569,10,828
"92A",0.71217259644756,0.592760180995475,0.402910185649774,"1:2:3:4:5","6",TRUE,552,10,829
"92A",0.515906805844732,0.592760180995475,0.388598574821853,"1:2:3:4:5","6",TRUE,573,10,830
"92A",0.39587653101463,0.578054298642534,0.38030303030303,"1:2:3:4:5","6",TRUE,546,10,831
"92A",0.561791232914972,0.617647058823529,0.383976551050318,"1:2:3:4:5","6",TRUE,568,10,832
"92A",0.53774088464233,0.616515837104072,0.382470119521912,"1:2:3:4:5","6",TRUE,561,10,833
"92A",0.672330414825923,0.601809954751131,0.397542997542998,"1:2:3:4:5","6",TRUE,562,10,834
"92A",0.581535802811976,0.593891402714932,0.39367396593674,"1:2:3:4:5","6",TRUE,562,10,835
"92A",0.68799258630666,0.627828054298643,0.388590931253047,"1:2:3:4:5","6",TRUE,566,10,836
"92A",0.443164186539104,0.60972850678733,0.376151484135107,"1:2:3:4:5","6",TRUE,557,10,837
"92A",0.697564480375409,0.631221719457014,0.387733333333333,"1:2:3:4:5","6",TRUE,526,10,838
"92A",0.490420998141777,0.580316742081448,0.389751552795031,"1:2:3:4:5","6",TRUE,541,10,839
"92A",0.684831232099287,0.606334841628959,0.396731054977712,"1:2:3:4:5","6",TRUE,563,10,840
"92A",0.691168534124775,0.631221719457014,0.387331256490135,"1:2:3:4:5","6",TRUE,545,10,841
"92A",0.747458971132484,0.639140271493213,0.386984600099354,"1:2:3:4:5","6",TRUE,561,10,842
"92A",0.578863621899639,0.601809954751131,0.391,"1:2:3:4:5","6",TRUE,558,10,843
"92A",0.534038733492459,0.604072398190045,0.38655886811521,"1:2:3:4:5","6",TRUE,552,10,844
"92A",0.872155772143999,0.633484162895928,0.395711500974659,"1:2:3:4:5","6",TRUE,560,10,845
"92A",0.497244120856663,0.570135746606335,0.39280205655527,"1:2:3:4:5","6",TRUE,551,10,846
"92A",0.443164186539104,0.580316742081448,0.385002516356316,"1:2:3:4:5","6",TRUE,563,10,847
"92A",0.559209779112722,0.60972850678733,0.386660222329628,"1:2:3:4:5","6",TRUE,560,10,848
"92A",0.515906805844732,0.593891402714932,0.388241256969083,"1:2:3:4:5","6",TRUE,547,10,849
"92A",0.406968650535655,0.588235294117647,0.378937007874016,"1:2:3:4:5","6",TRUE,558,10,850
"92A",0.588270347379741,0.611990950226244,0.388154674498287,"1:2:3:4:5","6",TRUE,567,10,851
"92A",0.507657208159733,0.596153846153846,0.386907669760625,"1:2:3:4:5","6",TRUE,564,10,852
"92A",0.576203719768409,0.611990950226244,0.387227572225038,"1:2:3:4:5","6",TRUE,551,10,853
"92A",0.56308642512531,0.601809954751131,0.389746142359383,"1:2:3:4:5","6",TRUE,553,10,854
"92A",0.791753257730084,0.601809954751131,0.404516445753559,"1:2:3:4:5","6",TRUE,573,10,855
"92A",0.630347388622156,0.614253393665158,0.390292223873205,"1:2:3:4:5","6",TRUE,559,10,856
"92A",0.599208213580301,0.607466063348416,0.390523690773067,"1:2:3:4:5","6",TRUE,556,10,857
"92A",0.604753175970481,0.576923076923077,0.400207361327112,"1:2:3:4:5","6",TRUE,542,10,858
"92A",0.491551648496152,0.574660633484163,0.391304347826087,"1:2:3:4:5","6",TRUE,561,10,859
"92A",0.624567753720614,0.573529411764706,0.402462121212121,"1:2:3:4:5","6",TRUE,579,10,860
"92A",0.576203719768409,0.607466063348416,0.388834476003918,"1:2:3:4:5","6",TRUE,566,10,861
"92A",0.76135667352913,0.600678733031674,0.403233956543709,"1:2:3:4:5","6",TRUE,555,10,862
"92A",0.449329835316494,0.590497737556561,0.382874015748031,"1:2:3:4:5","6",TRUE,558,10,863
"92A",0.604753175970481,0.604072398190045,0.392109108621529,"1:2:3:4:5","6",TRUE,573,10,864
"92A",0.648009179677167,0.579185520361991,0.402677651905252,"1:2:3:4:5","6",TRUE,544,10,865
"92A",0.68641008920001,0.593891402714932,0.401015228426396,"1:2:3:4:5","6",TRUE,547,10,866
"92A",0.542717039697327,0.592760180995475,0.390981169474727,"1:2:3:4:5","6",TRUE,570,10,867
"92A",0.780888916834316,0.623303167420814,0.395748987854251,"1:2:3:4:5","6",TRUE,564,10,868
"92A",0.779092742753225,0.618778280542986,0.397530864197531,"1:2:3:4:5","6",TRUE,566,10,869
"92A",0.551536371250851,0.589366515837104,0.392702832453192,"1:2:3:4:5","6",TRUE,578,10,870
"92A",0.603362143319462,0.614253393665158,0.388379204892966,"1:2:3:4:5","6",TRUE,559,10,871
"92A",0.472680250207918,0.565610859728507,0.391434262948207,"1:2:3:4:5","6",TRUE,555,10,872
"92A",0.695959966324142,0.597285067873303,0.400492610837438,"1:2:3:4:5","6",TRUE,565,10,873
"92A",0.50882759606009,0.601809954751131,0.385185185185185,"1:2:3:4:5","6",TRUE,559,10,874
"92A",0.568297123141423,0.588235294117647,0.394387001477105,"1:2:3:4:5","6",TRUE,564,10,875
"92A",0.532810355792739,0.599547511312217,0.388020833333333,"1:2:3:4:5","6",TRUE,552,10,876
"92A",0.906975925806589,0.599547511312217,0.410852713178295,"1:2:3:4:5","6",TRUE,568,10,877
"92A",0.53526994317875,0.596153846153846,0.389289392378991,"1:2:3:4:5","6",TRUE,548,10,878
"92A",0.691168534124775,0.611990950226244,0.395112016293279,"1:2:3:4:5","6",TRUE,550,10,879
"92A",0.91326341350373,0.614253393665158,0.405733722060253,"1:2:3:4:5","6",TRUE,578,10,880
"92A",0.437083142036476,0.572398190045249,0.386285150468673,"1:2:3:4:5","6",TRUE,563,10,881
"92A",0.527925034803349,0.618778280542986,0.380755302638386,"1:2:3:4:5","6",TRUE,558,10,882
"92A",0.453487850812859,0.596153846153846,0.381637717121588,"1:2:3:4:5","6",TRUE,553,10,883
"92A",0.754375818714343,0.617647058823529,0.39662027833002,"1:2:3:4:5","6",TRUE,559,10,884
"92A",0.41644912717544,0.599547511312217,0.376629647513279,"1:2:3:4:5","6",TRUE,569,10,885
"92A",0.65100055397578,0.591628959276018,0.399382398353062,"1:2:3:4:5","6",TRUE,544,10,886
"92A",0.468346260219724,0.579185520361991,0.387866732968672,"1:2:3:4:5","6",TRUE,562,10,887
"92A",0.800922250550601,0.622171945701357,0.397286821705426,"1:2:3:4:5","6",TRUE,586,10,888
"92A",0.676991254316092,0.611990950226244,0.394254581475978,"1:2:3:4:5","6",TRUE,559,10,889
"92A",0.599208213580301,0.589366515837104,0.396350734921439,"1:2:3:4:5","6",TRUE,555,10,890
"92A",0.56308642512531,0.596153846153846,0.391523713420787,"1:2:3:4:5","6",TRUE,549,10,891
"92A",0.636180507200044,0.616515837104072,0.389838788470933,"1:2:3:4:5","6",TRUE,558,10,892
"92A",0.589626586364721,0.611990950226244,0.388235294117647,"1:2:3:4:5","6",TRUE,566,10,893
"92A",0.514720134587221,0.580316742081448,0.392003900536324,"1:2:3:4:5","6",TRUE,558,10,894
"92A",0.421271865850528,0.579185520361991,0.382906808305167,"1:2:3:4:5","6",TRUE,572,10,895
"92A",0.578863621899639,0.613122171945701,0.387014314928425,"1:2:3:4:5","6",TRUE,548,10,896
"92A",0.800922250550601,0.647058823529412,0.385896180215475,"1:2:3:4:5","6",TRUE,570,10,897
"92A",0.730443045650586,0.59841628959276,0.4022233451238,"1:2:3:4:5","6",TRUE,556,10,898
"92A",0.830982655560938,0.627828054298643,0.396374326310632,"1:2:3:4:5","6",TRUE,572,10,899
"92A",0.386864390132073,0.579185520361991,0.378931602596106,"1:2:3:4:5","6",TRUE,554,10,900
"92A",0.546479352028926,0.616515837104072,0.383191595797899,"1:2:3:4:5","6",TRUE,565,10,901
"92A",0.454533352945044,0.582579185520362,0.385611510791367,"1:2:3:4:5","6",TRUE,567,10,902
"92A",0.50882759606009,0.589366515837104,0.389027431421446,"1:2:3:4:5","6",TRUE,565,10,903
"92A",0.534038733492459,0.602941176470588,0.387001477104874,"1:2:3:4:5","6",TRUE,569,10,904
"92A",0.456631593884377,0.59841628959276,0.381330685203575,"1:2:3:4:5","6",TRUE,566,10,905
"92A",0.582876515513965,0.606334841628959,0.389702170620899,"1:2:3:4:5","6",TRUE,558,10,906
"92A",0.519483259863327,0.588235294117647,0.390219560878243,"1:2:3:4:5","6",TRUE,557,10,907
"92A",0.630347388622156,0.611990950226244,0.391111111111111,"1:2:3:4:5","6",TRUE,574,10,908
"92A",0.570920526422511,0.618778280542986,0.384238864415076,"1:2:3:4:5","6",TRUE,566,10,909
"92A",0.529142149547507,0.583710407239819,0.392405063291139,"1:2:3:4:5","6",TRUE,552,10,910
"92A",0.523084507164744,0.59841628959276,0.387512388503469,"1:2:3:4:5","6",TRUE,557,10,911
"92A",0.576203719768409,0.618778280542986,0.384615384615385,"1:2:3:4:5","6",TRUE,547,10,912
"92A",0.452444753509056,0.581447963800905,0.38576406172225,"1:2:3:4:5","6",TRUE,555,10,913
"92A",0.71546016530924,0.619909502262443,0.393466601657728,"1:2:3:4:5","6",TRUE,574,10,914
"92A",0.532810355792739,0.602941176470588,0.386890093642188,"1:2:3:4:5","6",TRUE,565,10,915
"92A",0.550267746080916,0.608597285067873,0.386339937434828,"1:2:3:4:5","6",TRUE,537,10,916
"92A",0.68957873181116,0.636877828054299,0.384733606557377,"1:2:3:4:5","6",TRUE,548,10,917
"92A",0.601974310274355,0.595022624434389,0.394894894894895,"1:2:3:4:5","6",TRUE,565,10,918
"92A",0.514720134587221,0.588235294117647,0.389830508474576,"1:2:3:4:5","6",TRUE,544,10,919
"92A",0.552807921196648,0.625565610859729,0.380165289256198,"1:2:3:4:5","6",TRUE,563,10,920
"92A",0.454533352945044,0.605203619909502,0.378848063555114,"1:2:3:4:5","6",TRUE,565,10,921
"92A",0.672330414825923,0.619909502262443,0.390918065153011,"1:2:3:4:5","6",TRUE,562,10,922
"92A",0.744024366443044,0.616515837104072,0.39648033126294,"1:2:3:4:5","6",TRUE,548,10,923
"92A",0.649503144681553,0.597285067873303,0.397542997542998,"1:2:3:4:5","6",TRUE,563,10,924
"92A",0.630347388622156,0.619909502262443,0.388067061143984,"1:2:3:4:5","6",TRUE,552,10,925
"92A",0.646518651040184,0.589366515837104,0.399804973183813,"1:2:3:4:5","6",TRUE,572,10,926
"92A",0.627450916467093,0.607466063348416,0.392581888246628,"1:2:3:4:5","6",TRUE,575,10,927
"92A",0.527925034803349,0.596153846153846,0.388667992047714,"1:2:3:4:5","6",TRUE,561,10,928
"92A",0.750909430826014,0.613122171945701,0.398148148148148,"1:2:3:4:5","6",TRUE,550,10,929
"92A",0.524290462223019,0.58710407239819,0.390958768007948,"1:2:3:4:5","6",TRUE,554,10,930
"92A",0.408847320776344,0.611990950226244,0.371730382293763,"1:2:3:4:5","6",TRUE,567,10,931
"92A",0.660057785791029,0.602941176470588,0.39632023868722,"1:2:3:4:5","6",TRUE,567,10,932
"92A",0.680116417202758,0.583710407239819,0.403623553095118,"1:2:3:4:5","6",TRUE,552,10,933
"92A",0.501845526322076,0.601809954751131,0.384537131230926,"1:2:3:4:5","6",TRUE,555,10,934
"92A",0.661579528481982,0.614253393665158,0.392424242424242,"1:2:3:4:5","6",TRUE,558,10,935
"92A",0.581535802811976,0.604072398190045,0.390387444825895,"1:2:3:4:5","6",TRUE,571,10,936
"92A",0.680116417202758,0.599547511312217,0.398779247202442,"1:2:3:4:5","6",TRUE,549,10,937
"92A",0.56568577450622,0.59841628959276,0.391025641025641,"1:2:3:4:5","6",TRUE,561,10,938
"92A",0.672330414825923,0.580316742081448,0.404050144648023,"1:2:3:4:5","6",TRUE,565,10,939
"92A",0.490420998141777,0.593891402714932,0.386025768087215,"1:2:3:4:5","6",TRUE,565,10,940
"92A",0.552807921196648,0.602941176470588,0.388582874311467,"1:2:3:4:5","6",TRUE,561,10,941
"92A",0.432079395182714,0.555429864253394,0.389197375063099,"1:2:3:4:5","6",TRUE,558,10,942
"92A",0.564384603360997,0.602941176470588,0.389415876185721,"1:2:3:4:5","6",TRUE,552,10,943
"92A",0.549002038959374,0.596153846153846,0.390387444825895,"1:2:3:4:5","6",TRUE,574,10,944
"92A",0.490420998141777,0.622171945701357,0.376173999011369,"1:2:3:4:5","6",TRUE,549,10,945
"92A",0.584220319187379,0.590497737556561,0.394894894894895,"1:2:3:4:5","6",TRUE,563,10,946
"92A",0.684831232099287,0.605203619909502,0.397148676171079,"1:2:3:4:5","6",TRUE,558,10,947
"92A",0.766634675493398,0.611990950226244,0.399488491048593,"1:2:3:4:5","6",TRUE,543,10,948
"92A",0.514720134587221,0.585972850678733,0.390471258415329,"1:2:3:4:5","6",TRUE,546,10,949
"92A",0.480361460747596,0.57579185520362,0.389974937343358,"1:2:3:4:5","6",TRUE,554,10,950
"92A",0.466194189907163,0.579185520361991,0.387705711519845,"1:2:3:4:5","6",TRUE,576,10,951
"92A",1.00600527979987,0.630090497737557,0.402834008097166,"1:2:3:4:5","6",TRUE,551,10,952
"92A",0.440113161687481,0.595022624434389,0.380661577608143,"1:2:3:4:5","6",TRUE,560,10,953
"92A",0.700784614477921,0.617647058823529,0.393548387096774,"1:2:3:4:5","6",TRUE,552,10,954
"92A",0.578863621899639,0.590497737556561,0.394550958627649,"1:2:3:4:5","6",TRUE,558,10,955
"92A",0.497244120856663,0.602941176470588,0.38375486381323,"1:2:3:4:5","6",TRUE,579,10,956
"92A",0.800922250550601,0.617647058823529,0.399040767386091,"1:2:3:4:5","6",TRUE,576,10,957
"92A",0.631800634916718,0.580316742081448,0.401325854156043,"1:2:3:4:5","6",TRUE,544,10,958
"92A",0.578863621899639,0.591628959276018,0.394174757281553,"1:2:3:4:5","6",TRUE,575,10,959
"92A",0.532810355792739,0.601809954751131,0.387254901960784,"1:2:3:4:5","6",TRUE,565,10,960
"92A",0.580198173971666,0.610859728506787,0.387914230019493,"1:2:3:4:5","6",TRUE,563,10,961
"92A",0.47486226181559,0.610859728506787,0.379004435682602,"1:2:3:4:5","6",TRUE,562,10,962
"92A",0.65100055397578,0.578054298642534,0.403217942467089,"1:2:3:4:5","6",TRUE,577,10,963
"92A",0.68641008920001,0.59841628959276,0.399590163934426,"1:2:3:4:5","6",TRUE,556,10,964
"92A",0.902808334155017,0.625565610859729,0.400583373845406,"1:2:3:4:5","6",TRUE,561,10,965
"92A",0.457684343818414,0.596153846153846,0.382092660072879,"1:2:3:4:5","6",TRUE,545,10,966
"92A",0.444185887784472,0.584841628959276,0.383995973829894,"1:2:3:4:5","6",TRUE,556,10,967
"92A",0.561791232914972,0.600678733031674,0.390029325513196,"1:2:3:4:5","6",TRUE,568,10,968
"92A",0.597829935262852,0.623303167420814,0.384461152882206,"1:2:3:4:5","6",TRUE,564,10,969
"92A",0.614580615274587,0.601809954751131,0.393564356435644,"1:2:3:4:5","6",TRUE,564,10,970
"92A",0.8367433302103,0.614253393665158,0.402152641878669,"1:2:3:4:5","6",TRUE,560,10,971
"92A",0.657024793140015,0.617647058823529,0.390772128060264,"1:2:3:4:5","6",TRUE,572,10,972
"92A",0.597829935262852,0.597285067873303,0.393864423552697,"1:2:3:4:5","6",TRUE,566,10,973
"92A",0.461919670396939,0.58710407239819,0.385155466399198,"1:2:3:4:5","6",TRUE,553,10,974
"92A",0.462984611826864,0.59841628959276,0.381909547738693,"1:2:3:4:5","6",TRUE,560,10,975
"92A",0.670783943312492,0.591628959276018,0.400709219858156,"1:2:3:4:5","6",TRUE,552,10,976
"92A",0.631800634916718,0.610859728506787,0.391604938271605,"1:2:3:4:5","6",TRUE,562,10,977
"92A",0.511176472960318,0.600678733031674,0.385735080058224,"1:2:3:4:5","6",TRUE,569,10,978
"92A",0.469426017952558,0.611990950226244,0.378024193548387,"1:2:3:4:5","6",TRUE,549,10,979
"92A",0.490420998141777,0.580316742081448,0.389709628120224,"1:2:3:4:5","6",TRUE,545,10,980
"92A",0.466194189907163,0.566742081447964,0.390594059405941,"1:2:3:4:5","6",TRUE,558,10,981
"92A",0.559209779112722,0.593891402714932,0.391984359726295,"1:2:3:4:5","6",TRUE,567,10,982
"92A",0.59098595211649,0.569004524886878,0.401020408163265,"1:2:3:4:5","6",TRUE,554,10,983
"92A",0.597829935262852,0.604072398190045,0.391658189216684,"1:2:3:4:5","6",TRUE,562,10,984
"92A",0.431085540879151,0.595022624434389,0.37967401725791,"1:2:3:4:5","6",TRUE,586,10,985
"92A",0.589626586364721,0.581447963800905,0.397849462365591,"1:2:3:4:5","6",TRUE,569,10,986
"92A",0.754375818714343,0.602941176470588,0.402020202020202,"1:2:3:4:5","6",TRUE,553,10,987
"92A",0.74918221453722,0.625565610859729,0.393096836049856,"1:2:3:4:5","6",TRUE,566,10,988
"92A",0.483691501478219,0.610859728506787,0.379826254826255,"1:2:3:4:5","6",TRUE,574,10,989
"92A",0.750909430826014,0.592760180995475,0.405189620758483,"1:2:3:4:5","6",TRUE,556,10,990
"92A",0.521881326003206,0.614253393665158,0.381978452497551,"1:2:3:4:5","6",TRUE,566,10,991
"92A",0.525499197573165,0.642533936651584,0.370573566084788,"1:2:3:4:5","6",TRUE,552,10,992
"92A",0.68641008920001,0.585972850678733,0.403365629780724,"1:2:3:4:5","6",TRUE,551,10,993
"92A",0.51235497441619,0.593891402714932,0.388017118402282,"1:2:3:4:5","6",TRUE,580,10,994
"92A",0.490420998141777,0.592760180995475,0.386352232814852,"1:2:3:4:5","6",TRUE,552,10,995
"92A",0.466194189907163,0.59841628959276,0.382261410788382,"1:2:3:4:5","6",TRUE,548,10,996
"92A",0.504162172222157,0.60972850678733,0.382080329557158,"1:2:3:4:5","6",TRUE,560,10,997
"92A",0.808333837468319,0.604072398190045,0.404534005037783,"1:2:3:4:5","6",TRUE,548,10,998
"92A",0.454533352945044,0.583710407239819,0.385365853658537,"1:2:3:4:5","6",TRUE,566,10,999
"92A",0.569607314479282,0.590497737556561,0.393740535083291,"1:2:3:4:5","6",TRUE,540,10,1000
