# features likely to be independent, according to Holman (2008)
holman_independent <- c("1A", "5A", "8A", "9A", "11A", "12A", "14A", "19A", "20A", "22A", "27A", "30A", "33A", "35A", "37A", "41A", "43A", "45A", "47A", "48A", "52A", "55A", "58A", "60A", "61A", "65A", "72A", "73A", "74A", "79A", "92A", "99A", "100A", "104A", "108A", "109A", "111A", "112A", "114A", "115A", "120A", "123A", "128A", "129A", "130A", "131A", "137A")

